          Angle         Potential          Series
       -4.18879,        0.545394,        0.890615
       -4.01426,         59.5081,         59.6797
       -3.83973,         226.932,         226.562
        -3.6652,         463.588,         463.469
       -3.49066,         710.931,         711.297
       -3.31613,         901.658,         901.672
       -3.14159,         977.323,         977.066
       -2.96706,         912.616,         912.419
       -2.79253,         726.219,         726.692
       -2.61799,         476.367,         476.315
       -2.44346,         233.885,         233.517
       -2.26893,         61.7834,         62.0405
       -2.09439,         1.98361,         1.85959
       -1.91987,         64.7606,         65.0168
       -1.74533,         236.716,         236.569
       -1.57081,         476.385,         476.164
       -1.39627,         722.739,         722.879
       -1.22174,         908.092,         908.425
        -1.0472,         978.562,         978.167
      -0.872661,         911.023,         910.891
       -0.69813,         726.826,          726.88
      -0.523595,           479.2,         479.986
      -0.349062,         239.689,         238.584
      -0.174529,         64.5247,         64.8636
              0,               0,        0.386468
       0.174533,         60.0202,         59.7949
       0.349066,         229.866,         229.706
       0.523595,         469.837,         469.931
        0.69813,         718.653,         718.712
       0.872665,         906.127,         906.125
         1.0472,          975.68,         975.784
        1.22173,           906.6,         906.173
        1.39627,         719.174,         719.443
         1.5708,         471.713,         472.025
        1.74533,         233.464,         233.084
        1.91986,         63.2548,         63.0748

          Angle         Potential          Series
       -2.09439,         15.3283,         16.8245
       -1.91986,         83.2744,          83.174
       -1.74533,         280.694,         278.734
        -1.5708,         560.597,         561.571
       -1.39627,         858.764,         859.432
       -1.22173,         1087.17,         1086.92
        -1.0472,         1173.89,         1173.68
      -0.872659,         1090.25,         1089.24
      -0.698126,         853.463,         854.724
      -0.523594,         538.034,         538.585
      -0.349059,         237.487,         236.152
      -0.174528,          38.331,         38.0164
              0,               0,         1.37803
       0.174531,         138.542,         138.231
       0.349064,         420.832,         420.347
       0.523597,         789.427,         789.511
        0.69813,         1167.21,         1166.63
       0.872663,         1463.38,         1465.16
         1.0472,         1614.42,         1613.31
        1.22173,          1577.7,         1576.86
        1.39627,         1368.78,         1369.23
         1.5708,         1044.15,         1045.42
        1.74533,         686.869,         686.486
        1.91987,         381.747,         379.817
         2.0944,          195.53,          196.54
        2.26893,         169.763,         171.538
        2.44346,         296.553,         295.878
        2.61799,         527.256,         524.153
        2.79253,         785.329,         787.779
        2.96706,         1004.83,         1007.41
        3.14159,         1113.47,         1109.62
        3.31613,         1053.56,         1052.85
        3.49066,         846.725,         849.951
         3.6652,         565.953,         566.061
        3.83973,         291.363,         288.277
        4.01426,         89.4317,         90.4708

          Angle         Potential          Series
              0,               0,       -0.607718
       0.174531,         46.8251,          47.608
       0.349066,          179.44,         180.144
       0.523597,         360.906,         359.937
       0.698133,         539.243,         538.706
       0.872666,         681.463,         682.402
         1.0472,         776.669,         777.114
        1.22173,         820.759,         819.907
        1.39626,         810.871,         810.464
        1.57079,         748.178,         748.906
        1.74533,         635.657,         636.245
        1.91986,         479.217,         478.286
        2.09439,         295.567,         295.161
        2.26892,          126.13,         126.977
        2.44346,         20.6855,         21.0374
        2.61799,         4.69807,         3.98052
        2.79252,         64.3713,         63.9149
        2.96706,          160.19,         160.962
        3.14159,         254.176,         254.573
        3.31612,         321.708,         321.066
        3.49066,         352.623,         351.971
        3.66519,         345.582,          346.65
        3.83972,         311.355,         311.454
        4.01426,         262.074,         261.475
        4.18879,         216.617,         216.376
        4.36332,         191.841,         192.237
        4.53785,         196.266,         196.754
        4.71239,         228.947,         228.583
        4.88692,         277.998,         277.179
        5.06145,         323.614,         324.315
        5.23599,         350.033,         350.746
        5.41052,         344.961,         344.143
        5.58506,         301.461,         300.938
        5.75959,         223.427,         224.047
        5.93412,         125.279,         126.033
        6.10865,         37.5681,         36.7185

          Angle         Potential          Series
       -4.01426,           45.12,         45.4927
       -3.83972,          56.252,         56.0565
       -3.66519,         110.656,         110.557
       -3.49066,         218.552,          218.76
       -3.31613,         387.192,         387.128
       -3.14159,         618.585,         618.478
       -2.96706,         909.704,         909.808
       -2.79253,         1248.44,         1248.49
       -2.61799,         1609.34,         1609.21
       -2.44346,         1954.43,         1954.49
       -2.26893,         2239.94,         2240.06
        -2.0944,         2424.52,         2424.33
       -1.91986,         2478.87,         2478.96
       -1.74533,         2396.13,         2396.22
        -1.5708,         2190.07,         2189.93
       -1.39626,          1890.3,         1890.34
       -1.22173,         1536.35,         1536.39
        -1.0472,         1168.48,         1168.51
      -0.872665,         823.013,         822.834
      -0.698132,         526.436,         526.666
      -0.523599,          295.99,         295.828
      -0.349066,         134.766,         134.813
      -0.174533,         39.3277,         39.4036
              0,               0,       -0.191212
       0.174533,         2.75265,         3.00569
       0.349066,         34.8534,         34.6377
       0.523599,           80.94,         81.0387
       0.698132,         130.722,         130.749
       0.872665,         174.776,         174.686
         1.0472,         205.568,         205.615
        1.22173,         218.309,         218.381
        1.39626,         211.223,         211.076
         1.5708,         185.618,         185.705
        1.74533,         147.566,         147.573
        1.91986,          104.33,         104.386
         2.0944,           66.46,         66.1924

          Angle         Potential          Series
       -2.44346,         47.8235,         48.7089
       -2.26893,         161.356,         161.999
        -2.0944,         471.588,         470.593
       -1.91986,         906.806,         906.438
       -1.74533,         1374.32,         1375.36
        -1.5708,          1787.7,         1787.71
       -1.39626,          2071.7,         2070.65
       -1.22173,         2171.58,         2172.15
        -1.0472,         2068.98,         2069.38
      -0.872663,         1778.28,         1777.81
       -0.69813,         1350.54,         1350.44
      -0.523597,         866.955,         867.327
      -0.349064,         423.193,          423.21
      -0.174531,         112.896,         112.071
              0,               0,          1.3379
       0.174533,         102.487,         101.682
       0.349064,          356.04,         355.652
       0.523597,         660.051,          660.82
        0.69813,         914.178,         914.257
       0.872665,          1049.2,         1048.52
         1.0472,         1042.59,         1042.61
        1.22173,         914.063,         914.654
        1.39627,         710.112,         710.058
         1.5708,         489.804,         489.284
        1.74533,         313.944,         313.845
        1.91986,         230.689,         231.552
         2.0944,         265.347,          264.93
        2.26893,          405.07,         404.771
        2.44346,         610.164,         610.132
        2.61799,         817.158,         817.598
        2.79253,         959.369,         959.709
        2.96706,         986.601,         985.546
        3.14159,         875.658,         875.649
        3.31613,         648.897,         650.326
        3.49066,         373.392,          372.57
        3.66519,         139.699,         138.822

          Angle         Potential          Series
        -2.0944,         103.621,          57.131
       -1.91986,         37.8183,         64.9234
       -1.74533,         163.312,         165.672
        -1.5708,         377.899,         369.829
       -1.39627,         650.439,         647.378
       -1.22173,         911.739,         916.935
        -1.0472,         1084.98,         1087.41
      -0.872663,         1109.25,         1105.84
       -0.69813,         972.171,         969.698
      -0.523595,         712.154,         714.806
      -0.349062,         405.392,         407.747
      -0.174529,         141.938,         139.374
              0,               0,        -1.16401
       0.174531,         35.2876,          36.122
       0.349062,         244.087,         246.231
       0.523595,         585.832,         584.672
       0.698128,         989.463,         987.422
       0.872661,          1373.2,         1375.03
         1.0472,          1656.7,         1657.32
        1.22173,         1763.18,         1761.41
        1.39627,         1667.67,         1669.76
         1.5708,         1432.75,            1431
        1.74533,         1132.38,         1130.93
        1.91987,         845.796,         849.838
         2.0944,         638.917,         638.658
        2.26893,         525.666,         520.698
        2.44346,         502.222,         504.156
        2.61799,         583.449,         588.147
        2.79253,         755.362,         753.331
        2.96706,         950.325,          944.62
        3.14159,         1069.22,         1072.01
        3.31613,         1044.77,         1051.34
        3.49066,         867.509,         864.812
        3.66519,         592.803,         582.883
        3.83973,         313.404,         315.547
        4.01426,         107.483,         136.571

          Angle         Potential          Series
       -2.44346,           17.52,         15.0828
       -2.26893,         25.7979,         23.5211
        -2.0944,          49.474,         53.6979
       -1.91986,         90.5148,         93.4229
       -1.74533,         124.952,         116.133
       -1.57079,         103.385,          107.08
       -1.39626,         74.3451,         78.4099
       -1.22173,         57.6911,         54.9089
        -1.0472,         50.6738,         48.0474
      -0.872663,         46.7762,         48.5579
      -0.698132,         40.2284,         42.3486
      -0.523597,         27.8605,         27.0303
      -0.349066,         13.4433,         11.1761
      -0.174533,         2.56522,         2.78112
              0,               0,         2.73887
       0.174533,         7.18714,         7.25175
       0.349068,         16.2659,         12.5771
       0.523602,         17.0036,         18.1037
       0.698133,         25.0269,         27.8439
       0.872668,         48.9334,         48.0586
         1.0472,         81.9286,         79.4598
        1.22173,         110.768,         111.239
        1.39626,         124.458,         126.942
        1.57079,         119.314,         119.085
        1.74533,          98.723,         96.2433
        1.91986,         73.9702,         73.7707
        2.09439,          56.302,         59.2574
        2.26893,         48.9624,         49.1168
        2.44347,         40.6254,         37.1401
          2.618,         21.6316,         22.3929
        2.79253,         6.45629,         9.00393
        2.96706,         2.23052,         1.96278
        3.14159,         6.19379,         3.84462
        3.31613,         12.4574,         12.2562
        3.49066,         17.1914,         19.4601
        3.66519,         17.9565,          18.866


Generalized rotation inertia tensor:
{
        194.379        8.11684        57.7819        1.67309        13.5397         4.6472
        8.11684        199.339       -22.1459       -0.65712       -11.0142        33.7761
        57.7819       -22.1459        57.8262       -1.45953        7.51042       0.639765
        1.67309       -0.65712       -1.45953        3.00742        1.09821       0.822277
        13.5397       -11.0142        7.51042        1.09821        16.9311       0.120033
         4.6472        33.7761       0.639765       0.822277       0.120033        14.7252
}


Inverse of Generalized rotation inertia tensor:
{
     0.00801923    -0.00198804    -0.00858858    -0.00863405    -0.00335703     0.00291191
    -0.00198804     0.00994664     0.00566238      0.0104953     0.00503136      -0.023061
    -0.00858858     0.00566238      0.0293454      0.0252572    -0.00401206     -0.0129303
    -0.00863405      0.0104953      0.0252572       0.371387     -0.0212561     -0.0430118
    -0.00335703     0.00503136    -0.00401206     -0.0212561      0.0682476    -0.00967634
     0.00291191      -0.023061     -0.0129303     -0.0430118    -0.00967634       0.122931
}

Generalized rotation inertia tensor:
{
        194.381        8.11899        57.7841        1.67089        13.5397        4.64747
        8.11899         199.34       -22.1471      -0.655898        -11.014        33.7761
        57.7841       -22.1471        57.8293       -1.46101         7.5102       0.639803
        1.67089      -0.655898       -1.46101        3.00733         1.0982       0.822627
        13.5397        -11.014         7.5102         1.0982        16.9308       0.120082
        4.64747        33.7761       0.639803       0.822627       0.120082        14.7254
}


Inverse of Generalized rotation inertia tensor:
{
     0.00801917    -0.00198817    -0.00858861    -0.00863221    -0.00335736     0.00291219
    -0.00198817     0.00994661      0.0056628      0.0104958     0.00503141     -0.0230608
    -0.00858861      0.0056628      0.0293453      0.0252659    -0.00401195     -0.0129321
    -0.00863221      0.0104958      0.0252659       0.371414     -0.0212627     -0.0430234
    -0.00335736     0.00503141    -0.00401195     -0.0212627      0.0682495    -0.00967551
     0.00291219     -0.0230608     -0.0129321     -0.0430234    -0.00967551        0.12293
}

Generalized rotation inertia tensor:
{
        194.384        8.12075        57.7861        1.66894        13.5401        4.64784
        8.12075        199.341       -22.1488      -0.654314       -11.0136        33.7762
        57.7861       -22.1488        57.8325       -1.46249        7.50995       0.639798
        1.66894      -0.654314       -1.46249        3.00724        1.09817       0.823057
        13.5401       -11.0136        7.50995        1.09817        16.9306       0.120187
        4.64784        33.7762       0.639798       0.823057       0.120187        14.7256
}


Inverse of Generalized rotation inertia tensor:
{
     0.00801909    -0.00198829    -0.00858859    -0.00863074     -0.0033578     0.00291243
    -0.00198829      0.0099466     0.00566325       0.010496     0.00503136     -0.0230607
    -0.00858859     0.00566325      0.0293451      0.0252747     -0.0040116     -0.0129339
    -0.00863074       0.010496      0.0252747       0.371441     -0.0212684     -0.0430359
     -0.0033578     0.00503136     -0.0040116     -0.0212684      0.0682506    -0.00967459
     0.00291243     -0.0230607     -0.0129339     -0.0430359    -0.00967459        0.12293
}

Generalized rotation inertia tensor:
{
        194.386        8.12204        57.7878         1.6673        13.5408         4.6483
        8.12204        199.341       -22.1507      -0.652415       -11.0129        33.7763
        57.7878       -22.1507        57.8355        -1.4639        7.50969       0.639751
         1.6673      -0.652415        -1.4639        3.00716        1.09813       0.823554
        13.5408       -11.0129        7.50969        1.09813        16.9307       0.120349
         4.6483        33.7763       0.639751       0.823554       0.120349        14.7259
}


Inverse of Generalized rotation inertia tensor:
{
       0.008019    -0.00198838    -0.00858853     -0.0086297    -0.00335832     0.00291262
    -0.00198838     0.00994659     0.00566371      0.0104957     0.00503122     -0.0230606
    -0.00858853     0.00566371      0.0293449      0.0252832    -0.00401101     -0.0129357
     -0.0086297      0.0104957      0.0252832       0.371468      -0.021273     -0.0430487
    -0.00335832     0.00503122    -0.00401101      -0.021273      0.0682507    -0.00967368
     0.00291262     -0.0230606     -0.0129357     -0.0430487    -0.00967368        0.12293
}

Generalized rotation inertia tensor:
{
        194.389        8.12285        57.7892          1.666        13.5418        4.64884
        8.12285        199.341       -22.1529      -0.650259        -11.012        33.7765
        57.7892       -22.1529        57.8382       -1.46522        7.50941       0.639663
          1.666      -0.650259       -1.46522        3.00708        1.09807       0.824104
        13.5418        -11.012        7.50941        1.09807        16.9309       0.120565
        4.64884        33.7765       0.639663       0.824104       0.120565        14.7263
}


Inverse of Generalized rotation inertia tensor:
{
     0.00801891    -0.00198844    -0.00858842    -0.00862916    -0.00335886     0.00291274
    -0.00198844     0.00994659     0.00566416      0.0104951     0.00503104     -0.0230606
    -0.00858842     0.00566416      0.0293446      0.0252913    -0.00401022     -0.0129374
    -0.00862916      0.0104951      0.0252913       0.371493     -0.0212765     -0.0430615
    -0.00335886     0.00503104    -0.00401022     -0.0212765      0.0682497    -0.00967289
     0.00291274     -0.0230606     -0.0129374     -0.0430615    -0.00967289        0.12293
}

Generalized rotation inertia tensor:
{
        194.392        8.12322        57.7901        1.66511        13.5429        4.64944
        8.12322        199.341       -22.1554      -0.647911        -11.011        33.7768
        57.7901       -22.1554        57.8407       -1.46639        7.50913       0.639537
        1.66511      -0.647911       -1.46639        3.00701          1.098        0.82469
        13.5429        -11.011        7.50913          1.098        16.9314       0.120825
        4.64944        33.7768       0.639537        0.82469       0.120825        14.7266
}


Inverse of Generalized rotation inertia tensor:
{
     0.00801881    -0.00198846    -0.00858829    -0.00862913    -0.00335939     0.00291281
    -0.00198846     0.00994658     0.00566457      0.0104941     0.00503083     -0.0230606
    -0.00858829     0.00566457      0.0293443      0.0252988    -0.00400928     -0.0129389
    -0.00862913      0.0104941      0.0252988       0.371516     -0.0212788     -0.0430739
    -0.00335939     0.00503083    -0.00400928     -0.0212788      0.0682479    -0.00967227
     0.00291281     -0.0230606     -0.0129389     -0.0430739    -0.00967227        0.12293
}

Generalized rotation inertia tensor:
{
        194.394        8.12325        57.7906        1.66463         13.544        4.65008
        8.12325        199.341       -22.1579      -0.645443       -11.0099        33.7772
        57.7906       -22.1579        57.8429       -1.46739        7.50887       0.639376
        1.66463      -0.645443       -1.46739        3.00695        1.09792       0.825293
         13.544       -11.0099        7.50887        1.09792        16.9319       0.121113
        4.65008        33.7772       0.639376       0.825293       0.121113         14.727
}


Inverse of Generalized rotation inertia tensor:
{
     0.00801873    -0.00198847    -0.00858816    -0.00862965    -0.00335987     0.00291284
    -0.00198847     0.00994657     0.00566495      0.0104928     0.00503062     -0.0230605
    -0.00858816     0.00566495       0.029344      0.0253053    -0.00400827     -0.0129403
    -0.00862965      0.0104928      0.0253053       0.371537     -0.0212798     -0.0430854
    -0.00335987     0.00503062    -0.00400827     -0.0212798      0.0682453    -0.00967186
     0.00291284     -0.0230605     -0.0129403     -0.0430854    -0.00967186        0.12293
}

Generalized rotation inertia tensor:
{
        194.396        8.12306        57.7906        1.66459         13.545        4.65074
        8.12306        199.341       -22.1605       -0.64293       -11.0089        33.7776
        57.7906       -22.1605        57.8445       -1.46818        7.50864       0.639185
        1.66459       -0.64293       -1.46818         3.0069        1.09782       0.825896
         13.545       -11.0089        7.50864        1.09782        16.9326       0.121412
        4.65074        33.7776       0.639185       0.825896       0.121412        14.7273
}


Inverse of Generalized rotation inertia tensor:
{
     0.00801866    -0.00198846    -0.00858803    -0.00863071    -0.00336027     0.00291283
    -0.00198846     0.00994656     0.00566529      0.0104911     0.00503043     -0.0230605
    -0.00858803     0.00566529      0.0293437      0.0253109    -0.00400727     -0.0129415
    -0.00863071      0.0104911      0.0253109       0.371554     -0.0212797     -0.0430958
    -0.00336027     0.00503043    -0.00400727     -0.0212797      0.0682423    -0.00967165
     0.00291283     -0.0230605     -0.0129415     -0.0430958    -0.00967165        0.12293
}

Generalized rotation inertia tensor:
{
        194.397        8.12278        57.7902        1.66499         13.546        4.65141
        8.12278         199.34       -22.1631      -0.640448       -11.0079         33.778
        57.7902       -22.1631        57.8457       -1.46874        7.50848        0.63897
        1.66499      -0.640448       -1.46874        3.00687        1.09773        0.82648
         13.546       -11.0079        7.50848        1.09773        16.9333       0.121699
        4.65141         33.778        0.63897        0.82648       0.121699        14.7276
}


Inverse of Generalized rotation inertia tensor:
{
     0.00801861    -0.00198845    -0.00858792     -0.0086323    -0.00336056     0.00291282
    -0.00198845     0.00994654     0.00566558      0.0104891     0.00503027     -0.0230605
    -0.00858792     0.00566558      0.0293435      0.0253153    -0.00400637     -0.0129424
     -0.0086323      0.0104891      0.0253153       0.371568     -0.0212787     -0.0431047
    -0.00336056     0.00503027    -0.00400637     -0.0212787      0.0682391    -0.00967158
     0.00291282     -0.0230605     -0.0129424     -0.0431047    -0.00967158        0.12293
}

Generalized rotation inertia tensor:
{
        194.398        8.12254        57.7894        1.66581        13.5468        4.65206
        8.12254         199.34       -22.1655      -0.638073       -11.0071        33.7785
        57.7894       -22.1655        57.8464       -1.46905        7.50839       0.638738
        1.66581      -0.638073       -1.46905        3.00685        1.09763       0.827028
        13.5468       -11.0071        7.50839        1.09763        16.9339       0.121955
        4.65206        33.7785       0.638738       0.827028       0.121955        14.7279
}


Inverse of Generalized rotation inertia tensor:
{
     0.00801858    -0.00198844    -0.00858782    -0.00863437    -0.00336074     0.00291281
    -0.00198844     0.00994653     0.00566583       0.010487     0.00503013     -0.0230605
    -0.00858782     0.00566583      0.0293434      0.0253185    -0.00400565     -0.0129431
    -0.00863437       0.010487      0.0253185       0.371578     -0.0212768     -0.0431119
    -0.00336074     0.00503013    -0.00400565     -0.0212768      0.0682362    -0.00967159
     0.00291281     -0.0230605     -0.0129431     -0.0431119    -0.00967159        0.12293
}

Generalized rotation inertia tensor:
{
        194.398        8.12244        57.7881        1.66703        13.5475        4.65267
        8.12244         199.34       -22.1678      -0.635877       -11.0063         33.779
        57.7881       -22.1678        57.8465        -1.4691         7.5084       0.638495
        1.66703      -0.635877        -1.4691        3.00684        1.09754       0.827522
        13.5475       -11.0063         7.5084        1.09754        16.9344       0.122161
        4.65267         33.779       0.638495       0.827522       0.122161        14.7282
}


Inverse of Generalized rotation inertia tensor:
{
     0.00801858    -0.00198844    -0.00858775    -0.00863686    -0.00336082     0.00291282
    -0.00198844     0.00994654     0.00566604      0.0104848     0.00503001     -0.0230606
    -0.00858775     0.00566604      0.0293433      0.0253203    -0.00400516     -0.0129436
    -0.00863686      0.0104848      0.0253203       0.371583     -0.0212744     -0.0431173
    -0.00336082     0.00503001    -0.00400516     -0.0212744      0.0682336    -0.00967158
     0.00291282     -0.0230606     -0.0129436     -0.0431173    -0.00967158        0.12293
}

Generalized rotation inertia tensor:
{
        194.398        8.12255        57.7865        1.66862        13.5481        4.65323
        8.12255         199.34       -22.1698      -0.633926       -11.0057        33.7794
        57.7865       -22.1698        57.8461        -1.4689        7.50851        0.63825
        1.66862      -0.633926        -1.4689        3.00686        1.09746       0.827948
        13.5481       -11.0057        7.50851        1.09746        16.9348       0.122302
        4.65323        33.7794        0.63825       0.827948       0.122302        14.7284
}


Inverse of Generalized rotation inertia tensor:
{
     0.00801859    -0.00198846     -0.0085877    -0.00863968    -0.00336082     0.00291286
    -0.00198846     0.00994657     0.00566621      0.0104825      0.0050299     -0.0230607
     -0.0085877     0.00566621      0.0293434      0.0253208    -0.00400495     -0.0129439
    -0.00863968      0.0104825      0.0253208       0.371585     -0.0212715     -0.0431209
    -0.00336082      0.0050299    -0.00400495     -0.0212715      0.0682318    -0.00967146
     0.00291286     -0.0230607     -0.0129439     -0.0431209    -0.00967146        0.12293
}

Generalized rotation inertia tensor:
{
        194.398        8.12289        57.7845        1.67051        13.5486        4.65372
        8.12289        199.339       -22.1715      -0.632279       -11.0051        33.7799
        57.7845       -22.1715        57.8451       -1.46844        7.50873       0.638009
        1.67051      -0.632279       -1.46844        3.00688        1.09738       0.828294
        13.5486       -11.0051        7.50873        1.09738        16.9349       0.122368
        4.65372        33.7799       0.638009       0.828294       0.122368        14.7286
}


Inverse of Generalized rotation inertia tensor:
{
     0.00801862    -0.00198849    -0.00858767    -0.00864274    -0.00336076     0.00291294
    -0.00198849     0.00994663     0.00566636      0.0104803     0.00502976     -0.0230608
    -0.00858767     0.00566636      0.0293435        0.02532    -0.00400502     -0.0129441
    -0.00864274      0.0104803        0.02532       0.371582     -0.0212684     -0.0431224
    -0.00336076     0.00502976    -0.00400502     -0.0212684      0.0682308    -0.00967114
     0.00291294     -0.0230608     -0.0129441     -0.0431224    -0.00967114        0.12293
}

Generalized rotation inertia tensor:
{
        194.397        8.12342        57.7823        1.67267        13.5491        4.65411
        8.12342        199.338       -22.1728      -0.630988       -11.0045        33.7803
        57.7823       -22.1728        57.8436       -1.46774        7.50906        0.63778
        1.67267      -0.630988       -1.46774        3.00693        1.09732       0.828547
        13.5491       -11.0045        7.50906        1.09732        16.9349       0.122358
        4.65411        33.7803        0.63778       0.828547       0.122358        14.7287
}


Inverse of Generalized rotation inertia tensor:
{
     0.00801865    -0.00198854    -0.00858764    -0.00864592    -0.00336067     0.00291305
    -0.00198854     0.00994673     0.00566647      0.0104783      0.0050296      -0.023061
    -0.00858764     0.00566647      0.0293437      0.0253178    -0.00400537      -0.012944
    -0.00864592      0.0104783      0.0253178       0.371574     -0.0212651      -0.043122
    -0.00336067      0.0050296    -0.00400537     -0.0212651      0.0682307    -0.00967056
     0.00291305      -0.023061      -0.012944      -0.043122    -0.00967056       0.122931
}

Generalized rotation inertia tensor:
{
        194.397        8.12405        57.7799        1.67502        13.5496        4.65441
        8.12405        199.337       -22.1737      -0.630091       -11.0039        33.7807
        57.7799       -22.1737        57.8417       -1.46683        7.50947       0.637569
        1.67502      -0.630091       -1.46683        3.00698        1.09728       0.828702
        13.5496       -11.0039        7.50947        1.09728        16.9346       0.122273
        4.65441        33.7807       0.637569       0.828702       0.122273        14.7288
}


Inverse of Generalized rotation inertia tensor:
{
     0.00801869    -0.00198861    -0.00858761    -0.00864911    -0.00336058     0.00291319
    -0.00198861     0.00994686     0.00566655      0.0104765     0.00502937     -0.0230613
    -0.00858761     0.00566655       0.029344      0.0253143    -0.00400593     -0.0129438
    -0.00864911      0.0104765      0.0253143       0.371563     -0.0212616     -0.0431196
    -0.00336058     0.00502937    -0.00400593     -0.0212616      0.0682313    -0.00966971
     0.00291319     -0.0230613     -0.0129438     -0.0431196    -0.00966971       0.122931
}

Generalized rotation inertia tensor:
{
        194.397        8.12467        57.7773        1.67749        13.5503        4.65459
        8.12467        199.335       -22.1742      -0.629615       -11.0033         33.781
        57.7773       -22.1742        57.8393       -1.46573        7.50995       0.637384
        1.67749      -0.629615       -1.46573        3.00705        1.09724       0.828752
        13.5503       -11.0033        7.50995        1.09724        16.9342       0.122125
        4.65459         33.781       0.637384       0.828752       0.122125        14.7288
}


Inverse of Generalized rotation inertia tensor:
{
     0.00801872    -0.00198867    -0.00858756    -0.00865218    -0.00336051     0.00291333
    -0.00198867     0.00994703     0.00566659       0.010475     0.00502909     -0.0230616
    -0.00858756     0.00566659      0.0293443      0.0253096    -0.00400666     -0.0129434
    -0.00865218       0.010475      0.0253096       0.371548     -0.0212581     -0.0431154
    -0.00336051     0.00502909    -0.00400666     -0.0212581      0.0682327     -0.0096686
     0.00291333     -0.0230616     -0.0129434     -0.0431154     -0.0096686       0.122932
}

Generalized rotation inertia tensor:
{
        194.397        8.12513        57.7747           1.68         13.551        4.65466
        8.12513        199.332       -22.1743      -0.629574       -11.0026        33.7812
        57.7747       -22.1743        57.8367       -1.46447        7.51047        0.63723
           1.68      -0.629574       -1.46447        3.00712        1.09723       0.828697
         13.551       -11.0026        7.51047        1.09723        16.9338       0.121928
        4.65466        33.7812        0.63723       0.828697       0.121928        14.7288
}


Inverse of Generalized rotation inertia tensor:
{
     0.00801873    -0.00198873    -0.00858749    -0.00865503    -0.00336049     0.00291345
    -0.00198873     0.00994722     0.00566659      0.0104738     0.00502873     -0.0230621
    -0.00858749     0.00566659      0.0293446      0.0253038    -0.00400747     -0.0129429
    -0.00865503      0.0104738      0.0253038        0.37153     -0.0212544     -0.0431094
    -0.00336049     0.00502873    -0.00400747     -0.0212544      0.0682344    -0.00966728
     0.00291345     -0.0230621     -0.0129429     -0.0431094    -0.00966728       0.122933
}

Generalized rotation inertia tensor:
{
        194.397        8.12528        57.7722        1.68248        13.5519        4.65461
        8.12528        199.329       -22.1738      -0.629971       -11.0018        33.7814
        57.7722       -22.1738        57.8337       -1.46309        7.51099       0.637111
        1.68248      -0.629971       -1.46309        3.00721        1.09723       0.828537
        13.5519       -11.0018        7.51099        1.09723        16.9332       0.121698
        4.65461        33.7814       0.637111       0.828537       0.121698        14.7287
}


Inverse of Generalized rotation inertia tensor:
{
     0.00801874    -0.00198877    -0.00858739    -0.00865757    -0.00336052     0.00291353
    -0.00198877     0.00994744     0.00566654       0.010473     0.00502831     -0.0230626
    -0.00858739     0.00566654      0.0293449      0.0252969    -0.00400828     -0.0129421
    -0.00865757       0.010473      0.0252969       0.371509     -0.0212506     -0.0431019
    -0.00336052     0.00502831    -0.00400828     -0.0212506      0.0682363    -0.00966586
     0.00291353     -0.0230626     -0.0129421     -0.0431019    -0.00966586       0.122934
}

Generalized rotation inertia tensor:
{
        194.397        8.12502        57.7697        1.68486        13.5528        4.65445
        8.12502        199.326        -22.173      -0.630793       -11.0011        33.7815
        57.7697        -22.173        57.8306       -1.46163         7.5115       0.637032
        1.68486      -0.630793       -1.46163        3.00729        1.09724       0.828279
        13.5528       -11.0011         7.5115        1.09724        16.9328       0.121457
        4.65445        33.7815       0.637032       0.828279       0.121457        14.7285
}


Inverse of Generalized rotation inertia tensor:
{
     0.00801873    -0.00198878    -0.00858727    -0.00865969    -0.00336059     0.00291356
    -0.00198878     0.00994766     0.00566642      0.0104725     0.00502786     -0.0230631
    -0.00858727     0.00566642      0.0293451      0.0252893    -0.00400903     -0.0129412
    -0.00865969      0.0104725      0.0252893       0.371485     -0.0212465     -0.0430929
    -0.00336059     0.00502786    -0.00400903     -0.0212465       0.068238    -0.00966444
     0.00291356     -0.0230631     -0.0129412     -0.0430929    -0.00966444       0.122936
}

Generalized rotation inertia tensor:
{
        194.397        8.12423        57.7675        1.68705        13.5538        4.65417
        8.12423        199.322       -22.1717      -0.632014       -11.0003        33.7815
        57.7675       -22.1717        57.8275       -1.46015        7.51195       0.636994
        1.68705      -0.632014       -1.46015        3.00738        1.09726        0.82793
        13.5538       -11.0003        7.51195        1.09726        16.9323        0.12122
        4.65417        33.7815       0.636994        0.82793        0.12122        14.7283
}


Inverse of Generalized rotation inertia tensor:
{
     0.00801871    -0.00198876    -0.00858713    -0.00866136     -0.0033607     0.00291351
    -0.00198876     0.00994788     0.00566624      0.0104724     0.00502738     -0.0230636
    -0.00858713     0.00566624      0.0293453       0.025281    -0.00400964     -0.0129401
    -0.00866136      0.0104724       0.025281        0.37146     -0.0212423     -0.0430828
     -0.0033607     0.00502738    -0.00400964     -0.0212423      0.0682394    -0.00966317
     0.00291351     -0.0230636     -0.0129401     -0.0430828    -0.00966317       0.122937
}

Generalized rotation inertia tensor:
{
        194.398         8.1229        57.7655          1.689        13.5548        4.65379
         8.1229        199.319       -22.1701      -0.633599       -10.9997        33.7814
        57.7655       -22.1701        57.8244       -1.45867        7.51233       0.636999
          1.689      -0.633599       -1.45867        3.00747         1.0973         0.8275
        13.5548       -10.9997        7.51233         1.0973        16.9321       0.121005
        4.65379        33.7814       0.636999         0.8275       0.121005         14.728
}


Inverse of Generalized rotation inertia tensor:
{
     0.00801869    -0.00198869    -0.00858698    -0.00866251    -0.00336082     0.00291339
    -0.00198869     0.00994807     0.00566598      0.0104727     0.00502692     -0.0230641
    -0.00858698     0.00566598      0.0293454      0.0252724    -0.00401007     -0.0129388
    -0.00866251      0.0104727      0.0252724       0.371434     -0.0212378     -0.0430716
    -0.00336082     0.00502692    -0.00401007     -0.0212378      0.0682402    -0.00966218
     0.00291339     -0.0230641     -0.0129388     -0.0430716    -0.00966218       0.122938
}

Generalized rotation inertia tensor:
{
        194.398        8.12103        57.7638        1.69065        13.5557        4.65332
        8.12103        199.316       -22.1682      -0.635498       -10.9992        33.7812
        57.7638       -22.1682        57.8214       -1.45726        7.51261       0.637046
        1.69065      -0.635498       -1.45726        3.00755        1.09734       0.827002
        13.5557       -10.9992        7.51261        1.09734         16.932       0.120823
        4.65332        33.7812       0.637046       0.827002       0.120823        14.7277
}


Inverse of Generalized rotation inertia tensor:
{
     0.00801866    -0.00198859    -0.00858683    -0.00866313    -0.00336093     0.00291317
    -0.00198859     0.00994822     0.00566565      0.0104733     0.00502652     -0.0230645
    -0.00858683     0.00566565      0.0293454      0.0252636    -0.00401032     -0.0129374
    -0.00866313      0.0104733      0.0252636       0.371407     -0.0212333     -0.0430598
    -0.00336093     0.00502652    -0.00401032     -0.0212333      0.0682403    -0.00966158
     0.00291317     -0.0230645     -0.0129374     -0.0430598    -0.00966158       0.122939
}

Generalized rotation inertia tensor:
{
        194.397        8.11871        57.7625        1.69194        13.5563        4.65277
        8.11871        199.313       -22.1659      -0.637654       -10.9989         33.781
        57.7625       -22.1659        57.8186       -1.45594         7.5128       0.637134
        1.69194      -0.637654       -1.45594        3.00763        1.09739       0.826452
        13.5563       -10.9989         7.5128        1.09739         16.932       0.120679
        4.65277         33.781       0.637134       0.826452       0.120679        14.7274
}


Inverse of Generalized rotation inertia tensor:
{
     0.00801863    -0.00198845     -0.0085867    -0.00866322    -0.00336098     0.00291288
    -0.00198845     0.00994833     0.00566524      0.0104742     0.00502621     -0.0230649
