          Angle         Potential          Series
       -4.18879,        0.545394,        0.890615
       -4.01426,         59.5081,         59.6797
       -3.83973,         226.932,         226.562
        -3.6652,         463.588,         463.469
       -3.49066,         710.931,         711.297
       -3.31613,         901.658,         901.672
       -3.14159,         977.323,         977.066
       -2.96706,         912.616,         912.419
       -2.79253,         726.219,         726.692
       -2.61799,         476.367,         476.315
       -2.44346,         233.885,         233.517
       -2.26893,         61.7834,         62.0405
       -2.09439,         1.98361,         1.85959
       -1.91987,         64.7606,         65.0168
       -1.74533,         236.716,         236.569
       -1.57081,         476.385,         476.164
       -1.39627,         722.739,         722.879
       -1.22174,         908.092,         908.425
        -1.0472,         978.562,         978.167
      -0.872661,         911.023,         910.891
       -0.69813,         726.826,          726.88
      -0.523595,           479.2,         479.986
      -0.349062,         239.689,         238.584
      -0.174529,         64.5247,         64.8636
              0,               0,        0.386468
       0.174533,         60.0202,         59.7949
       0.349066,         229.866,         229.706
       0.523595,         469.837,         469.931
        0.69813,         718.653,         718.712
       0.872665,         906.127,         906.125
         1.0472,          975.68,         975.784
        1.22173,           906.6,         906.173
        1.39627,         719.174,         719.443
         1.5708,         471.713,         472.025
        1.74533,         233.464,         233.084
        1.91986,         63.2548,         63.0748

          Angle         Potential          Series
       -2.09439,         15.3283,         16.8245
       -1.91986,         83.2744,          83.174
       -1.74533,         280.694,         278.734
        -1.5708,         560.597,         561.571
       -1.39627,         858.764,         859.432
       -1.22173,         1087.17,         1086.92
        -1.0472,         1173.89,         1173.68
      -0.872659,         1090.25,         1089.24
      -0.698126,         853.463,         854.724
      -0.523594,         538.034,         538.585
      -0.349059,         237.487,         236.152
      -0.174528,          38.331,         38.0164
              0,               0,         1.37803
       0.174531,         138.542,         138.231
       0.349064,         420.832,         420.347
       0.523597,         789.427,         789.511
        0.69813,         1167.21,         1166.63
       0.872663,         1463.38,         1465.16
         1.0472,         1614.42,         1613.31
        1.22173,          1577.7,         1576.86
        1.39627,         1368.78,         1369.23
         1.5708,         1044.15,         1045.42
        1.74533,         686.869,         686.486
        1.91987,         381.747,         379.817
         2.0944,          195.53,          196.54
        2.26893,         169.763,         171.538
        2.44346,         296.553,         295.878
        2.61799,         527.256,         524.153
        2.79253,         785.329,         787.779
        2.96706,         1004.83,         1007.41
        3.14159,         1113.47,         1109.62
        3.31613,         1053.56,         1052.85
        3.49066,         846.725,         849.951
         3.6652,         565.953,         566.061
        3.83973,         291.363,         288.277
        4.01426,         89.4317,         90.4708

          Angle         Potential          Series
              0,               0,       -0.607718
       0.174531,         46.8251,          47.608
       0.349066,          179.44,         180.144
       0.523597,         360.906,         359.937
       0.698133,         539.243,         538.706
       0.872666,         681.463,         682.402
         1.0472,         776.669,         777.114
        1.22173,         820.759,         819.907
        1.39626,         810.871,         810.464
        1.57079,         748.178,         748.906
        1.74533,         635.657,         636.245
        1.91986,         479.217,         478.286
        2.09439,         295.567,         295.161
        2.26892,          126.13,         126.977
        2.44346,         20.6855,         21.0374
        2.61799,         4.69807,         3.98052
        2.79252,         64.3713,         63.9149
        2.96706,          160.19,         160.962
        3.14159,         254.176,         254.573
        3.31612,         321.708,         321.066
        3.49066,         352.623,         351.971
        3.66519,         345.582,          346.65
        3.83972,         311.355,         311.454
        4.01426,         262.074,         261.475
        4.18879,         216.617,         216.376
        4.36332,         191.841,         192.237
        4.53785,         196.266,         196.754
        4.71239,         228.947,         228.583
        4.88692,         277.998,         277.179
        5.06145,         323.614,         324.315
        5.23599,         350.033,         350.746
        5.41052,         344.961,         344.143
        5.58506,         301.461,         300.938
        5.75959,         223.427,         224.047
        5.93412,         125.279,         126.033
        6.10865,         37.5681,         36.7185

          Angle         Potential          Series
       -4.01426,           45.12,         45.4927
       -3.83972,          56.252,         56.0565
       -3.66519,         110.656,         110.557
       -3.49066,         218.552,          218.76
       -3.31613,         387.192,         387.128
       -3.14159,         618.585,         618.478
       -2.96706,         909.704,         909.808
       -2.79253,         1248.44,         1248.49
       -2.61799,         1609.34,         1609.21
       -2.44346,         1954.43,         1954.49
       -2.26893,         2239.94,         2240.06
        -2.0944,         2424.52,         2424.33
       -1.91986,         2478.87,         2478.96
       -1.74533,         2396.13,         2396.22
        -1.5708,         2190.07,         2189.93
       -1.39626,          1890.3,         1890.34
       -1.22173,         1536.35,         1536.39
        -1.0472,         1168.48,         1168.51
      -0.872665,         823.013,         822.834
      -0.698132,         526.436,         526.666
      -0.523599,          295.99,         295.828
      -0.349066,         134.766,         134.813
      -0.174533,         39.3277,         39.4036
              0,               0,       -0.191212
       0.174533,         2.75265,         3.00569
       0.349066,         34.8534,         34.6377
       0.523599,           80.94,         81.0387
       0.698132,         130.722,         130.749
       0.872665,         174.776,         174.686
         1.0472,         205.568,         205.615
        1.22173,         218.309,         218.381
        1.39626,         211.223,         211.076
         1.5708,         185.618,         185.705
        1.74533,         147.566,         147.573
        1.91986,          104.33,         104.386
         2.0944,           66.46,         66.1924

          Angle         Potential          Series
       -2.44346,         47.8235,         48.7089
       -2.26893,         161.356,         161.999
        -2.0944,         471.588,         470.593
       -1.91986,         906.806,         906.438
       -1.74533,         1374.32,         1375.36
        -1.5708,          1787.7,         1787.71
       -1.39626,          2071.7,         2070.65
       -1.22173,         2171.58,         2172.15
        -1.0472,         2068.98,         2069.38
      -0.872663,         1778.28,         1777.81
       -0.69813,         1350.54,         1350.44
      -0.523597,         866.955,         867.327
      -0.349064,         423.193,          423.21
      -0.174531,         112.896,         112.071
              0,               0,          1.3379
       0.174533,         102.487,         101.682
       0.349064,          356.04,         355.652
       0.523597,         660.051,          660.82
        0.69813,         914.178,         914.257
       0.872665,          1049.2,         1048.52
         1.0472,         1042.59,         1042.61
        1.22173,         914.063,         914.654
        1.39627,         710.112,         710.058
         1.5708,         489.804,         489.284
        1.74533,         313.944,         313.845
        1.91986,         230.689,         231.552
         2.0944,         265.347,          264.93
        2.26893,          405.07,         404.771
        2.44346,         610.164,         610.132
        2.61799,         817.158,         817.598
        2.79253,         959.369,         959.709
        2.96706,         986.601,         985.546
        3.14159,         875.658,         875.649
        3.31613,         648.897,         650.326
        3.49066,         373.392,          372.57
        3.66519,         139.699,         138.822

          Angle         Potential          Series
        -2.0944,         103.621,          57.131
       -1.91986,         37.8183,         64.9234
       -1.74533,         163.312,         165.672
        -1.5708,         377.899,         369.829
       -1.39627,         650.439,         647.378
       -1.22173,         911.739,         916.935
        -1.0472,         1084.98,         1087.41
      -0.872663,         1109.25,         1105.84
       -0.69813,         972.171,         969.698
      -0.523595,         712.154,         714.806
      -0.349062,         405.392,         407.747
      -0.174529,         141.938,         139.374
              0,               0,        -1.16401
       0.174531,         35.2876,          36.122
       0.349062,         244.087,         246.231
       0.523595,         585.832,         584.672
       0.698128,         989.463,         987.422
       0.872661,          1373.2,         1375.03
         1.0472,          1656.7,         1657.32
        1.22173,         1763.18,         1761.41
        1.39627,         1667.67,         1669.76
         1.5708,         1432.75,            1431
        1.74533,         1132.38,         1130.93
        1.91987,         845.796,         849.838
         2.0944,         638.917,         638.658
        2.26893,         525.666,         520.698
        2.44346,         502.222,         504.156
        2.61799,         583.449,         588.147
        2.79253,         755.362,         753.331
        2.96706,         950.325,          944.62
        3.14159,         1069.22,         1072.01
        3.31613,         1044.77,         1051.34
        3.49066,         867.509,         864.812
        3.66519,         592.803,         582.883
        3.83973,         313.404,         315.547
        4.01426,         107.483,         136.571

          Angle         Potential          Series
       -2.44346,           17.52,         15.0828
       -2.26893,         25.7979,         23.5211
        -2.0944,          49.474,         53.6979
       -1.91986,         90.5148,         93.4229
       -1.74533,         124.952,         116.133
       -1.57079,         103.385,          107.08
       -1.39626,         74.3451,         78.4099
       -1.22173,         57.6911,         54.9089
        -1.0472,         50.6738,         48.0474
      -0.872663,         46.7762,         48.5579
      -0.698132,         40.2284,         42.3486
      -0.523597,         27.8605,         27.0303
      -0.349066,         13.4433,         11.1761
      -0.174533,         2.56522,         2.78112
              0,               0,         2.73887
       0.174533,         7.18714,         7.25175
       0.349068,         16.2659,         12.5771
       0.523602,         17.0036,         18.1037
       0.698133,         25.0269,         27.8439
       0.872668,         48.9334,         48.0586
         1.0472,         81.9286,         79.4598
        1.22173,         110.768,         111.239
        1.39626,         124.458,         126.942
        1.57079,         119.314,         119.085
        1.74533,          98.723,         96.2433
        1.91986,         73.9702,         73.7707
        2.09439,          56.302,         59.2574
        2.26893,         48.9624,         49.1168
        2.44347,         40.6254,         37.1401
          2.618,         21.6316,         22.3929
        2.79253,         6.45629,         9.00393
        2.96706,         2.23052,         1.96278
        3.14159,         6.19379,         3.84462
        3.31613,         12.4574,         12.2562
        3.49066,         17.1914,         19.4601
        3.66519,         17.9565,          18.866


Generalized rotation inertia tensor:
{
         194.67       -8.41544        -56.077       -1.62474        15.3124        3.96846
       -8.41544        197.414       -23.1358       0.817679       -11.2454        33.7195
        -56.077       -23.1358        56.1926       -1.09255       -2.57918       -2.38502
       -1.62474       0.817679       -1.09255        2.07461       0.277212       0.802767
        15.3124       -11.2454       -2.57918       0.277212        16.5425     -0.0643781
        3.96846        33.7195       -2.38502       0.802767     -0.0643781        14.7944
}


Inverse of Generalized rotation inertia tensor:
{
     0.00854251     0.00222222     0.00918849      0.0139256    -0.00522328    -0.00665339
     0.00222222       0.010044     0.00580076     0.00901746     0.00543453      -0.023019
     0.00918849     0.00580076      0.0292986      0.0251725   -0.000463734     -0.0123305
      0.0139256     0.00901746      0.0251725       0.523031     -0.0117895     -0.0486617
    -0.00522328     0.00543453   -0.000463734     -0.0117895      0.0690652     -0.0101198
    -0.00665339      -0.023019     -0.0123305     -0.0486617     -0.0101198       0.122451
}

Generalized rotation inertia tensor:
{
        194.663       -8.47869        -56.255       -1.42541          15.32        4.00123
       -8.47869        197.712       -23.2209       0.872249       -11.1838        33.7616
        -56.255       -23.2209         56.483       -1.25329        -2.6553         -2.438
       -1.42541       0.872249       -1.25329        2.13083       0.350753       0.834443
          15.32       -11.1838        -2.6553       0.350753        16.6224     -0.0284596
        4.00123        33.7616         -2.438       0.834443     -0.0284596        14.8069
}


Inverse of Generalized rotation inertia tensor:
{
     0.00853509     0.00222607     0.00918746       0.013662    -0.00520068    -0.00664931
     0.00222607      0.0100286     0.00579841     0.00891543      0.0053945     -0.0230054
     0.00918746     0.00579841      0.0292586      0.0258919   -0.000460011     -0.0123463
       0.013662     0.00891543      0.0258919       0.511243     -0.0133282     -0.0485937
    -0.00520068      0.0053945   -0.000460011     -0.0133282       0.068773     -0.0100872
    -0.00664931     -0.0230054     -0.0123463     -0.0485937     -0.0100872       0.122474
}

Generalized rotation inertia tensor:
{
        194.657       -8.50642       -56.4452       -1.21327        15.3166        4.02913
       -8.50642        198.004       -23.2738       0.874642       -11.1253        33.7958
       -56.4452       -23.2738        56.7689       -1.41542       -2.73175       -2.48654
       -1.21327       0.874642       -1.41542        2.20118       0.438833       0.862849
        15.3166       -11.1253       -2.73175       0.438833        16.6958     0.00737828
        4.02913        33.7958       -2.48654       0.862849     0.00737828        14.8164
}


Inverse of Generalized rotation inertia tensor:
{
     0.00852596      0.0022279      0.0091837      0.0133533    -0.00518247    -0.00663413
      0.0022279      0.0100134     0.00579317     0.00892166     0.00535214     -0.0229961
      0.0091837     0.00579317      0.0292182       0.026484   -0.000474726       -0.01235
      0.0133533     0.00892166       0.026484       0.497146     -0.0150175      -0.048481
    -0.00518247     0.00535214   -0.000474726     -0.0150175      0.0685375      -0.010038
    -0.00663413     -0.0229961       -0.01235      -0.048481      -0.010038       0.122506
}

Generalized rotation inertia tensor:
{
        194.654       -8.50396       -56.6416      -0.996062        15.3062        4.05108
       -8.50396        198.279       -23.2929       0.828451       -11.0705        33.8219
       -56.6416       -23.2929        57.0416       -1.57393       -2.80614       -2.52919
      -0.996062       0.828451       -1.57393        2.28495       0.536195       0.887514
        15.3062       -11.0705       -2.80614       0.536195        16.7605      0.0414101
        4.05108        33.8219       -2.52919       0.887514      0.0414101        14.8228
}


Inverse of Generalized rotation inertia tensor:
{
     0.00851552     0.00222767     0.00917703      0.0130056    -0.00516846    -0.00660868
     0.00222767     0.00999909     0.00578558     0.00901596     0.00530719     -0.0229917
     0.00917703     0.00578558      0.0291768      0.0269124   -0.000504788     -0.0123409
      0.0130056     0.00901596      0.0269124       0.481265     -0.0166931     -0.0483036
    -0.00516846     0.00530719   -0.000504788     -0.0166931      0.0683636    -0.00997474
    -0.00660868     -0.0229917     -0.0123409     -0.0483036    -0.00997474       0.122545
}

Generalized rotation inertia tensor:
{
        194.658       -8.47846       -56.8384      -0.780922        15.2928        4.06634
       -8.47846        198.527       -23.2775       0.739529       -11.0205        33.8402
       -56.8384       -23.2775         57.293       -1.72397       -2.87597       -2.56465
      -0.780922       0.739529       -1.72397        2.38012       0.637193       0.907838
        15.2928       -11.0205       -2.87597       0.637193        16.8151      0.0720898
        4.06634        33.8402       -2.56465       0.907838      0.0720898        14.8259
}


Inverse of Generalized rotation inertia tensor:
{
     0.00850427     0.00222532     0.00916767      0.0126276    -0.00515821    -0.00657407
     0.00222532     0.00998636     0.00577583     0.00917249     0.00526001     -0.0229923
     0.00916767     0.00577583      0.0291342      0.0271604   -0.000545677     -0.0123185
      0.0126276     0.00917249      0.0271604       0.464315     -0.0182161     -0.0480442
    -0.00515821     0.00526001   -0.000545677     -0.0182161      0.0682482    -0.00990205
    -0.00657407     -0.0229923     -0.0123185     -0.0480442    -0.00990205       0.122592
}

Generalized rotation inertia tensor:
{
        194.665       -8.43777       -57.0295      -0.574078        15.2797        4.07452
       -8.43777        198.742       -23.2283       0.615277       -10.9768        33.8515
       -57.0295       -23.2283        57.5152       -1.86105       -2.93873       -2.59187
      -0.574078       0.615277       -1.86105        2.48338       0.736286       0.923098
        15.2797       -10.9768       -2.93873       0.736286        16.8592       0.098154
        4.07452        33.8515       -2.59187       0.923098       0.098154        14.8257
}


Inverse of Generalized rotation inertia tensor:
{
     0.00849281     0.00222087      0.0091562      0.0122298    -0.00515121    -0.00653163
     0.00222087     0.00997561     0.00576383      0.0093645      0.0052118     -0.0229976
      0.0091562     0.00576383      0.0290907      0.0272304   -0.000592525     -0.0122828
      0.0122298      0.0093645      0.0272304       0.447095     -0.0194885     -0.0476913
    -0.00515121      0.0052118   -0.000592525     -0.0194885      0.0681817    -0.00982597
    -0.00653163     -0.0229976     -0.0122828     -0.0476913    -0.00982597       0.122643
}

Generalized rotation inertia tensor:
{
        194.674       -8.38941       -57.2091      -0.380703        15.2688        4.07556
       -8.38941         198.92       -23.1466       0.463839       -10.9411        33.8564
       -57.2091       -23.1466        57.7016       -1.98114       -2.99197       -2.61003
      -0.380703       0.463839       -1.98114        2.59027       0.828493       0.932475
        15.2688       -10.9411       -2.99197       0.828493         16.893       0.118695
        4.07556        33.8564       -2.61003       0.932475       0.118695        14.8219
}


Inverse of Generalized rotation inertia tensor:
{
     0.00848178     0.00221439      0.0091435      0.0118234    -0.00514696    -0.00648287
     0.00221439     0.00996703     0.00574933      0.0095683     0.00516454     -0.0230066
      0.0091435     0.00574933      0.0290475      0.0271403   -0.000641101     -0.0122341
      0.0118234      0.0095683      0.0271403       0.430393     -0.0204587     -0.0472409
    -0.00514696     0.00516454   -0.000641101     -0.0204587      0.0681514    -0.00975321
    -0.00648287     -0.0230066     -0.0122341     -0.0472409    -0.00975321       0.122698
}

Generalized rotation inertia tensor:
{
        194.677       -8.33955       -57.3719      -0.204884        15.2607        4.06977
       -8.33955        199.062       -23.0349       0.293326       -10.9156        33.8557
       -57.3719       -23.0349        57.8466        -2.0808       -3.03353       -2.61861
      -0.204884       0.293326        -2.0808        2.69546        0.90977       0.935129
        15.2607       -10.9156       -3.03353        0.90977        16.9174       0.133202
        4.06977        33.8557       -2.61861       0.935129       0.133202        14.8146
}


Inverse of Generalized rotation inertia tensor:
{
     0.00847178     0.00220601     0.00913062      0.0114195      -0.005145    -0.00642933
     0.00220601      0.0099605     0.00573209     0.00976595     0.00512073     -0.0230179
     0.00913062     0.00573209      0.0290064      0.0269179   -0.000688418     -0.0121736
      0.0114195     0.00976595      0.0269179       0.414908      -0.021118     -0.0466971
      -0.005145     0.00512073   -0.000688418      -0.021118      0.0681444    -0.00969031
    -0.00642933     -0.0230179     -0.0121736     -0.0466971    -0.00969031       0.122753
}

Generalized rotation inertia tensor:
{
        194.668       -8.29225       -57.5127     -0.0497128        15.2545        4.05772
       -8.29225        199.169       -22.8967       0.111135       -10.9025        33.8499
       -57.5127       -22.8967        57.9456       -2.15724       -3.06156       -2.61737
     -0.0497128       0.111135       -2.15724        2.79322       0.977272       0.930281
        15.2545       -10.9025       -3.06156       0.977272        16.9335       0.141558
        4.05772        33.8499       -2.61737       0.930281       0.141558        14.8038
}


Inverse of Generalized rotation inertia tensor:
{
      0.0084633     0.00219592     0.00911866      0.0110281    -0.00514486    -0.00637253
     0.00219592     0.00995573     0.00571201     0.00994622     0.00508294     -0.0230301
     0.00911866     0.00571201      0.0289699      0.0265961   -0.000732912     -0.0121027
      0.0110281     0.00994622      0.0265961       0.401214     -0.0214922     -0.0460704
    -0.00514486     0.00508294   -0.000732912     -0.0214922      0.0681503    -0.00964298
    -0.00637253     -0.0230301     -0.0121027     -0.0460704    -0.00964298       0.122805
}

Generalized rotation inertia tensor:
{
        194.641       -8.24905       -57.6275      0.0825356        15.2479        4.04021
       -8.24905        199.247       -22.7361     -0.0765313       -10.9036        33.8395
       -57.6275       -22.7361        57.9957       -2.20836       -3.07475       -2.60635
      0.0825356     -0.0765313       -2.20836        2.87786        1.02947       0.917319
        15.2479       -10.9036       -3.07475        1.02947        16.9425       0.144012
        4.04021        33.8395       -2.60635       0.917319       0.144012        14.7895
}


Inverse of Generalized rotation inertia tensor:
{
     0.00845669     0.00218431     0.00910859      0.0106585    -0.00514604    -0.00631388
     0.00218431     0.00995232     0.00568924      0.0101046      0.0050535     -0.0230417
     0.00910859     0.00568924      0.0289403      0.0262073   -0.000774249     -0.0120236
      0.0106585      0.0101046      0.0262073       0.389756     -0.0216302     -0.0453773
    -0.00514604      0.0050535   -0.000774249     -0.0216302      0.0681623    -0.00961557
    -0.00631388     -0.0230417     -0.0120236     -0.0453773    -0.00961557       0.122851
}

Generalized rotation inertia tensor:
{
        194.589       -8.20891       -57.7126       0.190177        15.2378        4.01816
       -8.20891        199.298        -22.558       -0.26494       -10.9206        33.8245
       -57.7126        -22.558        57.9954       -2.23282       -3.07235       -2.58589
       0.190177       -0.26494       -2.23282        2.94422        1.06613       0.895906
        15.2378       -10.9206       -3.07235        1.06613        16.9454       0.141108
        4.01816        33.8245       -2.58589       0.895906       0.141108        14.7719
}


Inverse of Generalized rotation inertia tensor:
{
     0.00845213     0.00217143     0.00910118      0.0103189    -0.00514803    -0.00625464
     0.00217143     0.00994986     0.00566416      0.0102421     0.00503422     -0.0230514
     0.00910118     0.00566416      0.0289199      0.0257811   -0.000812935     -0.0119386
      0.0103189      0.0102421      0.0257811       0.380858     -0.0215944     -0.0446384
    -0.00514803     0.00503422   -0.000812935     -0.0215944      0.0681781    -0.00961081
    -0.00625464     -0.0230514     -0.0119386     -0.0446384    -0.00961081       0.122889
}

Generalized rotation inertia tensor:
{
        194.508       -8.16851       -57.7655       0.271885        15.2206        3.99257
       -8.16851        199.328       -22.3679      -0.450844       -10.9545        33.8048
       -57.7655       -22.3679        57.9447       -2.23001       -3.05427       -2.55662
       0.271885      -0.450844       -2.23001        2.98816        1.08817       0.866073
        15.2206       -10.9545       -3.05427        1.08817        16.9428       0.133603
        3.99257        33.8048       -2.55662       0.866073       0.133603        14.7515
}


Inverse of Generalized rotation inertia tensor:
{
      0.0084496     0.00215749     0.00909695       0.010017    -0.00515036    -0.00619591
     0.00215749     0.00994802     0.00563741      0.0103644     0.00502618      -0.023058
     0.00909695     0.00563741      0.0289104      0.0253424   -0.000849876     -0.0118506
       0.010017      0.0103644      0.0253424       0.374749     -0.0214518     -0.0438778
    -0.00515036     0.00502618   -0.000849876     -0.0214518      0.0681992    -0.00962962
    -0.00619591      -0.023058     -0.0118506     -0.0438778    -0.00962962       0.122916
}

Generalized rotation inertia tensor:
{
        194.398       -8.12289       -57.7845       0.326491        15.1927        3.96444
       -8.12289        199.339       -22.1715      -0.632281       -11.0051        33.7799
       -57.7845       -22.1715        57.8451       -2.20008       -3.02113        -2.5194
       0.326491      -0.632281       -2.20008        3.00688        1.09738       0.828293
        15.1927       -11.0051       -3.02113        1.09738        16.9349       0.122368
        3.96444        33.7799        -2.5194       0.828293       0.122368        14.7286
}


Inverse of Generalized rotation inertia tensor:
{
     0.00844892     0.00214274      0.0090961     0.00976009    -0.00515266    -0.00613863
     0.00214274     0.00994663     0.00560985      0.0104803     0.00502977     -0.0230608
      0.0090961     0.00560985      0.0289132      0.0249106   -0.000885988     -0.0117623
     0.00976009      0.0104803      0.0249106       0.371582     -0.0212684     -0.0431224
    -0.00515266     0.00502977   -0.000885988     -0.0212684      0.0682308    -0.00967114
    -0.00613863     -0.0230608     -0.0117623     -0.0431224    -0.00967114        0.12293
}

Generalized rotation inertia tensor:
{
        194.259       -8.06639       -57.7692       0.352859        15.1515        3.93468
       -8.06639        199.332       -21.9747      -0.808187       -11.0716        33.7495
       -57.7692       -21.9747        57.6996        -2.1439        -2.9742       -2.47534
       0.352859      -0.808187        -2.1439        2.99925         1.0961       0.783519
        15.1515       -11.0716        -2.9742         1.0961        16.9215       0.108286
        3.93468        33.7495       -2.47534       0.783519       0.108286        14.7039
}


Inverse of Generalized rotation inertia tensor:
{
     0.00844977     0.00212746     0.00909855     0.00955611    -0.00515481    -0.00608373
     0.00212746     0.00994571     0.00558245      0.0106006     0.00504458     -0.0230596
     0.00909855     0.00558245      0.0289286      0.0244997   -0.000921926     -0.0116766
     0.00955611      0.0106006      0.0244997       0.371451     -0.0211042     -0.0424018
    -0.00515481     0.00504458   -0.000921926     -0.0211042      0.0682801    -0.00973276
    -0.00608373     -0.0230596     -0.0116766     -0.0424018    -0.00973276        0.12293
}

Generalized rotation inertia tensor:
{
        194.098       -7.99363       -57.7199       0.349855        15.0953        3.90412
       -7.99363        199.307       -21.7836      -0.977896        -11.152        33.7132
       -57.7199       -21.7836        57.5128        -2.0631       -2.91533       -2.42575
       0.349855      -0.977896        -2.0631        2.96583        1.08683       0.733184
        15.0953        -11.152       -2.91533        1.08683        16.9017      0.0921619
        3.90412        33.7132       -2.42575       0.733184      0.0921619        14.6782
}


Inverse of Generalized rotation inertia tensor:
{
     0.00845174     0.00211199     0.00910396     0.00941331    -0.00515702    -0.00603214
     0.00211199     0.00994548      0.0055563      0.0107368      0.0050696     -0.0230546
     0.00910396      0.0055563      0.0289562      0.0241186   -0.000957924     -0.0115966
     0.00941331      0.0107368      0.0241186       0.374401     -0.0210102     -0.0417479
    -0.00515702      0.0050696   -0.000957924     -0.0210102      0.0683557    -0.00981031
    -0.00603214     -0.0230546     -0.0115966     -0.0417479    -0.00981031       0.122915
}

Generalized rotation inertia tensor:
{
        193.923       -7.90055       -57.6382       0.316414        15.0244        3.87346
       -7.90055        199.259       -21.6039        -1.1406       -11.2434        33.6711
       -57.6382       -21.6039        57.2901       -1.95994       -2.84688       -2.37211
       0.316414        -1.1406       -1.95994        2.90887        1.07188       0.679155
        15.0244       -11.2434       -2.84688        1.07188        16.8748      0.0746528
        3.87346        33.6711       -2.37211       0.679155      0.0746528        14.6524
}


Inverse of Generalized rotation inertia tensor:
{
     0.00845442     0.00209678     0.00911182     0.00934058    -0.00515989    -0.00598489
     0.00209678     0.00994633     0.00553249         0.0109      0.0051032     -0.0230465
     0.00911182     0.00553249      0.0289952      0.0237716   -0.000993734     -0.0115251
     0.00934058         0.0109      0.0237716       0.380416     -0.0210249     -0.0411946
    -0.00515989      0.0051032   -0.000993734     -0.0210249      0.0684658    -0.00989824
    -0.00598489     -0.0230465     -0.0115251     -0.0411946    -0.00989824       0.122885
}

Generalized rotation inertia tensor:
{
        193.744       -7.78527       -57.5266       0.251715        14.9404        3.84332
       -7.78527        199.186       -21.4412       -1.29484       -11.3421        33.6233
       -57.5266       -21.4412        57.0385       -1.83737       -2.77153       -2.31602
       0.251715       -1.29484       -1.83737        2.83212        1.05305       0.623641
        14.9404       -11.3421       -2.77153        1.05305        16.8397      0.0562237
        3.84332        33.6233       -2.31602       0.623641      0.0562237        14.6273
}


Inverse of Generalized rotation inertia tensor:
{
     0.00845747     0.00208236     0.00912144     0.00934699    -0.00516444    -0.00594324
     0.00208236      0.0099488      0.0055121      0.0110998     0.00514337     -0.0230363
     0.00912144      0.0055121      0.0290437      0.0234589    -0.00102864     -0.0114647
     0.00934699      0.0110998      0.0234589       0.389407     -0.0211708     -0.0407773
    -0.00516444     0.00514337    -0.00102864     -0.0211708      0.0686176    -0.00998992
    -0.00594324     -0.0230363     -0.0114647     -0.0407773    -0.00998992       0.122841
}

Generalized rotation inertia tensor:
{
        193.574       -7.64874       -57.3883       0.155427        14.8469        3.81419
       -7.64874        199.083       -21.3003       -1.43815       -11.4437        33.5709
       -57.3883       -21.3003        56.7655       -1.69889       -2.69215       -2.25917
       0.155427       -1.43815       -1.69889        2.74043        1.03145       0.569062
        14.8469       -11.4437       -2.69215        1.03145        16.7956      0.0371364
        3.81419        33.5709       -2.25917       0.569062      0.0371364        14.6041
}


Inverse of Generalized rotation inertia tensor:
{
     0.00846064     0.00206939     0.00913209     0.00944106    -0.00517197    -0.00590868
     0.00206939     0.00995347     0.00549607      0.0113421     0.00518786     -0.0230257
     0.00913209     0.00549607      0.0290998      0.0231769    -0.00106149     -0.0114179
     0.00944106      0.0113421      0.0231769       0.401182     -0.0214503     -0.0405307
    -0.00517197     0.00518786    -0.00106149     -0.0214503      0.0688153     -0.0100781
    -0.00590868     -0.0230257     -0.0114179     -0.0405307     -0.0100781       0.122785
}

Generalized rotation inertia tensor:
{
        193.425       -7.49502       -57.2278      0.0280009        14.7492        3.78654
       -7.49502        198.946       -21.1856       -1.56684       -11.5437        33.5152
       -57.2278       -21.1856        56.4795       -1.54852       -2.61163       -2.20328
      0.0280009       -1.56684       -1.54852        2.63935        1.00731       0.517885
        14.7492       -11.5437       -2.61163        1.00731        16.7423      0.0174708
        3.78654        33.5152       -2.20328       0.517885      0.0174708        14.5837
}


Inverse of Generalized rotation inertia tensor:
{
     0.00846388      0.0020586     0.00914301     0.00962931    -0.00518393    -0.00588292
      0.0020586     0.00996087      0.0054852       0.011628     0.00523446     -0.0230163
     0.00914301      0.0054852      0.0291609      0.0229187    -0.00109081     -0.0113866
     0.00962931       0.011628      0.0229187       0.415408     -0.0218416     -0.0404859
    -0.00518393     0.00523446    -0.00109081     -0.0218416      0.0690596     -0.0101554
    -0.00588292     -0.0230163     -0.0113866     -0.0404859     -0.0101554       0.122721
}

Generalized rotation inertia tensor:
{
        193.309       -7.33113       -57.0497      -0.129039        14.6535        3.76082
       -7.33113        198.772       -21.1005       -1.67604       -11.6373        33.4581
       -57.0497       -21.1005        56.1891       -1.39066       -2.53274       -2.15006
      -0.129039       -1.67604       -1.39066        2.53463       0.980113       0.472453
        14.6535       -11.6373       -2.53274       0.980113        16.6798    -0.00282172
        3.76082        33.4581       -2.15006       0.472453    -0.00282172        14.5669
}


Inverse of Generalized rotation inertia tensor:
{
     0.00846731     0.00205074     0.00915349     0.00991445    -0.00520154    -0.00586782
     0.00205074     0.00997134     0.00548003      0.0119515     0.00528123       -0.02301
     0.00915349     0.00548003      0.0292244       0.022675    -0.00111486     -0.0113722
     0.00991445      0.0119515       0.022675       0.431584     -0.0222954     -0.0406658
    -0.00520154     0.00528123    -0.00111486     -0.0222954       0.069346     -0.0102153
    -0.00586782       -0.02301     -0.0113722     -0.0406658     -0.0102153       0.122653
}

Generalized rotation inertia tensor:
{
        193.234        -7.1666       -56.8595       -0.31285        14.5664        3.73749
        -7.1666        198.561       -21.0476       -1.75993       -11.7204        33.4022
       -56.8595       -21.0476        55.9032       -1.23003         -2.458       -2.10115
       -0.31285       -1.75993       -1.23003         2.4317       0.948661       0.434807
        14.5664       -11.7204         -2.458       0.948661        16.6094     -0.0238414
        3.73749        33.4022       -2.10115       0.434807     -0.0238414        14.5545
}


Inverse of Generalized rotation inertia tensor:
{
     0.00847119     0.00204645     0.00916288      0.0102931    -0.00522546    -0.00586516
     0.00204645     0.00998494     0.00548084      0.0122981     0.00532676     -0.0230081
     0.00916288     0.00548084      0.0292876      0.0224357    -0.00113184     -0.0113754
      0.0102931      0.0122981      0.0224357       0.449022     -0.0227339     -0.0410797
    -0.00522546     0.00532676    -0.00113184     -0.0227339      0.0696645      -0.010253
    -0.00586516     -0.0230081     -0.0113754     -0.0410797      -0.010253       0.122584
}

Generalized rotation inertia tensor:
{
        193.206       -7.01259       -56.6631      -0.519121        14.4948        3.71706
       -7.01259        198.316       -21.0285       -1.81228       -11.7893        33.3502
       -56.6631       -21.0285        55.6304       -1.07146       -2.38957       -2.05806
      -0.519121       -1.81228       -1.07146        2.33522       0.911388        0.40654
        14.4948       -11.7893       -2.38957       0.911388         16.533     -0.0456495
        3.71706        33.3502       -2.05806        0.40654     -0.0456495        14.5471
}


Inverse of Generalized rotation inertia tensor:
{
     0.00847585      0.0020462     0.00917065       0.010754    -0.00525543    -0.00587643
      0.0020462      0.0100013     0.00548762      0.0126446     0.00537032     -0.0230118
     0.00917065     0.00548762      0.0293479      0.0221918    -0.00114005     -0.0113958
       0.010754      0.0126446      0.0221918       0.466872     -0.0230559     -0.0417168
    -0.00525543     0.00537032    -0.00114005     -0.0230559      0.0699998     -0.0102663
    -0.00587643     -0.0230118     -0.0113958     -0.0417168     -0.0102663       0.122522
}

Generalized rotation inertia tensor:
{
        193.229       -6.88084       -56.4664      -0.742046        14.4445        3.70011
       -6.88084        198.043       -21.0439       -1.82702       -11.8413        33.3049
       -56.4664       -21.0439        55.3791      -0.919795       -2.32925       -2.02212
      -0.742046       -1.82702      -0.919795        2.24875       0.866696       0.388691
        14.4445       -11.8413       -2.32925       0.866696        16.4533     -0.0681778
        3.70011        33.3049       -2.02212       0.388691     -0.0681778        14.5448
}


Inverse of Generalized rotation inertia tensor:
{
     0.00848159     0.00205012     0.00917643      0.0112769       -0.00529    -0.00590247
     0.00205012      0.0100197     0.00550011      0.0129602     0.00541178     -0.0230212
