          Angle         Potential          Series
       -3.14159,         2913.53,         2897.93
       -3.05433,         2845.05,         2840.85
       -2.96706,         2659.82,         2678.46
       -2.87979,         2422.34,         2434.77
       -2.79253,         2152.83,         2142.49
       -2.70526,         1845.78,          1834.9
       -2.61799,         1531.71,         1538.97
       -2.53073,         1263.08,         1271.84
       -2.44346,         1048.65,         1040.91
       -2.35619,         860.122,         846.817
       -2.26893,         690.029,         687.342
       -2.18166,         548.248,         560.597
        -2.0944,         448.168,         466.612
       -2.00713,         416.783,         407.336
       -1.91986,         399.225,         385.613
        -1.8326,         411.296,          403.77
       -1.74533,         456.508,         462.118
       -1.65806,         555.491,         557.505
        -1.5708,         687.176,         682.063
       -1.48353,         813.813,         822.617
       -1.39626,          948.57,         961.444
         -1.309,         1092.77,         1078.83
       -1.22173,         1173.75,         1157.22
       -1.13446,         1179.02,         1185.63
        -1.0472,         1141.93,          1162.8
      -0.959931,         1089.25,         1097.16
      -0.872665,         1014.63,         1003.52
      -0.785398,         918.941,         897.399
      -0.698132,         795.157,         789.466
      -0.610865,         668.301,         682.699
      -0.523599,         547.809,         573.587
      -0.436332,         458.702,         456.914
      -0.349066,          350.94,         331.747
      -0.261799,          221.45,         205.516
      -0.174533,         81.2057,         93.8852
     -0.0872665,         10.5348,         16.1654
              0,               0,        -11.7813
      0.0872665,         7.68162,         16.1654
       0.174533,         76.5967,         93.8852
       0.261799,         216.841,         205.516
       0.349066,         348.307,         331.747
       0.436332,         458.922,         456.914
       0.523599,         550.882,         573.587
       0.610865,          672.69,         682.699
       0.698132,         798.669,         789.466
       0.785398,         918.941,         897.399
       0.872665,         1011.12,         1003.52
       0.959931,          1085.3,         1097.16
         1.0472,         1139.51,          1162.8
        1.13446,         1179.46,         1185.63
        1.22173,         1177.04,         1157.22
          1.309,         1097.59,         1078.83
        1.39626,          952.96,         961.444
        1.48353,         816.446,         822.617
         1.5708,         686.956,         682.063
        1.65806,         552.199,         557.505
        1.74533,          451.24,         462.118
         1.8326,         405.589,          403.77
        1.91986,         395.494,         385.613
        2.00713,         416.124,         407.336
         2.0944,         450.582,         466.612
        2.18166,         552.418,         560.597
        2.26893,         692.882,         687.342
        2.35619,         859.024,         846.817
        2.44346,         1043.38,         1040.91
        2.53073,         1257.37,         1271.84
        2.61799,         1527.98,         1538.97
        2.70526,         1845.56,          1834.9
        2.79253,         2156.34,         2142.49
        2.87979,         2428.05,         2434.77
        2.96706,         2664.64,         2678.46
        3.05433,         2847.91,         2840.85

          Angle         Potential          Series
       -3.14159,         2913.53,         2897.93
       -3.05433,         2845.05,         2840.85
       -2.96706,         2659.82,         2678.46
       -2.87979,         2422.34,         2434.77
       -2.79253,         2152.83,         2142.49
       -2.70526,         1845.78,          1834.9
       -2.61799,         1531.71,         1538.97
       -2.53073,         1263.08,         1271.84
       -2.44346,         1048.65,         1040.91
       -2.35619,         860.122,         846.817
       -2.26893,         690.029,         687.342
       -2.18166,         548.248,         560.597
        -2.0944,         448.168,         466.612
       -2.00713,         416.783,         407.336
       -1.91986,         399.225,         385.613
        -1.8326,         411.296,          403.77
       -1.74533,         456.508,         462.118
       -1.65806,         555.491,         557.505
        -1.5708,         687.176,         682.063
       -1.48353,         813.813,         822.617
       -1.39626,          948.57,         961.444
         -1.309,         1092.77,         1078.83
       -1.22173,         1173.75,         1157.22
       -1.13446,         1179.02,         1185.63
        -1.0472,         1141.93,          1162.8
      -0.959931,         1089.25,         1097.16
      -0.872665,         1014.63,         1003.52
      -0.785398,         918.941,         897.399
      -0.698132,         795.157,         789.466
      -0.610865,         668.301,         682.699
      -0.523599,         547.809,         573.587
      -0.436332,         458.702,         456.914
      -0.349066,          350.94,         331.747
      -0.261799,          221.45,         205.516
      -0.174533,         81.2057,         93.8852
     -0.0872665,         10.5348,         16.1654
              0,               0,        -11.7813
      0.0872665,         7.68162,         16.1654
       0.174533,         76.5967,         93.8852
       0.261799,         216.841,         205.516
       0.349066,         348.307,         331.747
       0.436332,         458.922,         456.914
       0.523599,         550.882,         573.587
       0.610865,          672.69,         682.699
       0.698132,         798.669,         789.466
       0.785398,         918.941,         897.399
       0.872665,         1011.12,         1003.52
       0.959931,          1085.3,         1097.16
         1.0472,         1139.51,          1162.8
        1.13446,         1179.46,         1185.63
        1.22173,         1177.04,         1157.22
          1.309,         1097.59,         1078.83
        1.39626,          952.96,         961.444
        1.48353,         816.446,         822.617
         1.5708,         686.956,         682.063
        1.65806,         552.199,         557.505
        1.74533,          451.24,         462.118
         1.8326,         405.589,          403.77
        1.91986,         395.494,         385.613
        2.00713,         416.124,         407.336
         2.0944,         450.582,         466.612
        2.18166,         552.418,         560.597
        2.26893,         692.882,         687.342
        2.35619,         859.024,         846.817
        2.44346,         1043.38,         1040.91
        2.53073,         1257.37,         1271.84
        2.61799,         1527.98,         1538.97
        2.70526,         1845.56,          1834.9
        2.79253,         2156.34,         2142.49
        2.87979,         2428.05,         2434.77
        2.96706,         2664.64,         2678.46
        3.05433,         2847.91,         2840.85


Generalized rotation inertia tensor:
{
        148.943    0.000399471    0.000509877  -7.56534e-006   1.43701e-005  -1.16877e-005
    0.000399471        87.5997        -58.934      0.0133714      -0.326555       0.329879
    0.000509877        -58.934         73.721     -0.0030574       -2.35988        2.35799
  -7.56534e-006      0.0133714     -0.0030574        10.8312       0.633138       0.629695
   1.43701e-005      -0.326555       -2.35988       0.633138        2.93298       0.193543
  -1.16877e-005       0.329879        2.35799       0.629695       0.193543        2.93298
}


Inverse of Generalized rotation inertia tensor:
{
     0.00671396  -1.56836e-007  -1.85269e-007   5.35647e-009  -2.14196e-007   2.06327e-007
  -1.56836e-007      0.0272485      0.0232745   -3.4421e-005      0.0233059     -0.0233069
  -1.85269e-007      0.0232745      0.0342358  -2.97937e-005       0.032273     -0.0322651
   5.35647e-009   -3.4421e-005  -2.97937e-005      0.0945525     -0.0191845     -0.0190061
  -2.14196e-007      0.0233059       0.032273     -0.0191845       0.376908     -0.0493201
   2.06327e-007     -0.0233069     -0.0322651     -0.0190061     -0.0493201       0.376846
}

Generalized rotation inertia tensor:
{
        148.017       -5.26364       -5.11726        2.55959       0.237502       0.299131
       -5.26364        88.2951       -58.4862      -0.210614      -0.383013       0.339177
       -5.11726       -58.4862        73.4901    -0.00298146       -2.32653        2.32471
        2.55959      -0.210614    -0.00298146        10.8889       0.642122       0.638688
       0.237502      -0.383013       -2.32653       0.642122        2.93667       0.190017
       0.299131       0.339177        2.32471       0.638688       0.190017        2.93665
}


Inverse of Generalized rotation inertia tensor:
{
     0.00691622     0.00175067     0.00200157    -0.00156129      0.0017426    -0.00226438
     0.00175067       0.026772      0.0228782    0.000102646      0.0229334     -0.0228875
     0.00200157      0.0228782       0.033966  -2.92213e-005       0.031794     -0.0317853
    -0.00156129    0.000102646  -2.92213e-005      0.0944656     -0.0193015      -0.019126
      0.0017426      0.0229334       0.031794     -0.0193015       0.375894     -0.0481196
    -0.00226438     -0.0228875     -0.0317853      -0.019126     -0.0481196       0.375834
}

Generalized rotation inertia tensor:
{
        145.329       -10.0118       -10.0795         5.0414       0.391808       0.546523
       -10.0118        90.2977       -57.1566      -0.875664      -0.527886       0.365022
       -10.0795       -57.1566        72.8043    -0.00284346       -2.23507        2.23341
         5.0414      -0.875664    -0.00284346        11.0603       0.667048       0.663633
       0.391808      -0.527886       -2.23507       0.667048        2.94667       0.179685
       0.546523       0.365022        2.23341       0.663633       0.179685        2.94657
}


Inverse of Generalized rotation inertia tensor:
{
     0.00748609       0.003264     0.00383408    -0.00310879     0.00345796    -0.00420965
       0.003264      0.0254193      0.0217427    0.000515411      0.0218172     -0.0216812
     0.00383408      0.0217427      0.0332033  -2.76864e-005      0.0304317     -0.0304212
    -0.00310879    0.000515411  -2.76864e-005       0.094226     -0.0196572     -0.0194893
     0.00345796      0.0218172      0.0304317     -0.0196572       0.373076     -0.0447336
    -0.00420965     -0.0216812     -0.0304212     -0.0194893     -0.0447336        0.37302
}

Generalized rotation inertia tensor:
{
        141.141       -13.7869       -14.7355        7.37002       0.418472       0.711374
       -13.7869        93.3659       -54.9854       -1.96157      -0.703311       0.402496
       -14.7355       -54.9854        71.6846    -0.00264811       -2.10604        2.10452
        7.37002       -1.96157    -0.00264811        11.3402        0.70305       0.699674
       0.418472      -0.703311       -2.10604        0.70305        2.96041       0.163476
       0.711374       0.402496        2.10452       0.699674       0.163476        2.96022
}


Inverse of Generalized rotation inertia tensor:
{
     0.00832508     0.00435346     0.00536391    -0.00462609     0.00508083    -0.00559309
     0.00435346       0.023403      0.0200162     0.00120859      0.0199931     -0.0198482
     0.00536391      0.0200162      0.0320729  -2.54678e-005      0.0283867     -0.0283739
    -0.00462609     0.00120859  -2.54678e-005      0.0938941      -0.020265     -0.0201081
     0.00508083      0.0199931      0.0283867      -0.020265       0.369023     -0.0397096
    -0.00559309     -0.0198482     -0.0283739     -0.0201081     -0.0397096       0.368973
}

Generalized rotation inertia tensor:
{
        135.857       -16.2419       -18.9438         9.4747       0.321376       0.789341
       -16.2419        97.1296       -52.0388       -3.43533      -0.849323       0.446341
       -18.9438       -52.0388        70.1651    -0.00240171       -1.96148        1.96004
         9.4747       -3.43533    -0.00240171        11.7201       0.744921        0.74161
       0.321376      -0.849323       -1.96148       0.744921        2.97519       0.143096
       0.789341       0.446341        1.96004        0.74161       0.143096        2.97491
}


Inverse of Generalized rotation inertia tensor:
{
     0.00930354     0.00491789     0.00651729    -0.00609463     0.00652437    -0.00629484
     0.00491789      0.0210221      0.0179034     0.00218944      0.0175737     -0.0176457
     0.00651729      0.0179034      0.0307384  -2.29219e-005      0.0259239     -0.0259088
    -0.00609463     0.00218944  -2.29219e-005      0.0935653     -0.0211482     -0.0210037
     0.00652437      0.0175737      0.0259239     -0.0211482       0.364432     -0.0337054
    -0.00629484     -0.0176457     -0.0259088     -0.0210037     -0.0337054       0.364389
}

Generalized rotation inertia tensor:
{
        129.979       -17.1785       -22.5764        11.2915       0.136116       0.794003
       -17.1785        101.135       -48.4061       -5.25216      -0.925696       0.492726
       -22.5764       -48.4061        68.2917    -0.00211196       -1.81764        1.81619
        11.2915       -5.25216    -0.00211196        12.1884       0.788865        0.78564
       0.136116      -0.925696       -1.81764       0.788865        2.98908       0.120576
       0.794003       0.492726        1.81619        0.78564       0.120576        2.98872
}


Inverse of Generalized rotation inertia tensor:
{
      0.0102939      0.0049462     0.00728232    -0.00749651     0.00772463    -0.00631655
      0.0049462      0.0185911      0.0156138     0.00346912      0.0147316     -0.0153735
     0.00728232      0.0156138      0.0293572  -2.03847e-005      0.0233004     -0.0232832
    -0.00749651     0.00346912  -2.03847e-005      0.0933621     -0.0223405     -0.0222086
     0.00772463      0.0147316      0.0233004     -0.0223405       0.359927     -0.0272882
    -0.00631655     -0.0153735     -0.0232832     -0.0222086     -0.0272882       0.359891
}

Generalized rotation inertia tensor:
{
        124.045       -16.5684        -25.523        12.7652     -0.0920165       0.745405
       -16.5684        104.899       -44.1979       -7.35687      -0.916525       0.539635
        -25.523       -44.1979        66.1216    -0.00178767       -1.68337        1.68182
        12.7652       -7.35687    -0.00178767         12.731       0.832866       0.829741
     -0.0920165      -0.916525       -1.68337       0.832866        3.00105      0.0976596
       0.745405       0.539635        1.68182       0.829741      0.0976596        3.00063
}


Inverse of Generalized rotation inertia tensor:
{
       0.011193     0.00449586     0.00769218    -0.00881644     0.00866471    -0.00574453
     0.00449586      0.0163807      0.0133198     0.00506579      0.0116392      -0.013308
     0.00769218      0.0133198      0.0280501  -1.81097e-005      0.0207163     -0.0206973
    -0.00881644     0.00506579  -1.81097e-005       0.093428     -0.0238885     -0.0237682
     0.00866471      0.0116392      0.0207163     -0.0238885       0.355966     -0.0208367
    -0.00574453      -0.013308     -0.0206973     -0.0237682     -0.0208367       0.355935
}

Generalized rotation inertia tensor:
{
        118.576       -14.5537       -27.6941         13.851      -0.322379       0.662667
       -14.5537        107.967       -39.5419        -9.6855      -0.824643       0.586417
       -27.6941       -39.5419        63.7205    -0.00143847       -1.56182        1.56013
         13.851        -9.6855    -0.00143847        13.3312       0.876254       0.873236
      -0.322379      -0.824643       -1.56182       0.876254        3.01075      0.0755008
       0.662667       0.586417        1.56013       0.873236      0.0755008        3.01028
}


Inverse of Generalized rotation inertia tensor:
{
      0.0119297     0.00366176     0.00780177     -0.0100412     0.00936789    -0.00470504
     0.00366176      0.0145914      0.0111383     0.00700843     0.00841944     -0.0116654
     0.00780177      0.0111383      0.0268923  -1.62556e-005      0.0182996     -0.0182789
     -0.0100412     0.00700843  -1.62556e-005      0.0939219     -0.0258537     -0.0257433
     0.00936789     0.00841944      0.0182996     -0.0258537       0.352835     -0.0145361
    -0.00470504     -0.0116654     -0.0182789     -0.0257433     -0.0145361       0.352809
}

Generalized rotation inertia tensor:
{
        114.014       -11.4279       -29.0238         14.516      -0.524624       0.561184
       -11.4279        109.969       -34.5796       -12.1673      -0.664027       0.633183
       -29.0238       -34.5796        61.1616    -0.00107461        -1.4529        1.45104
         14.516       -12.1673    -0.00107461         13.971        0.91911       0.916201
      -0.524624      -0.664027        -1.4529        0.91911        3.01822      0.0546876
       0.561184       0.633183        1.45104       0.916201      0.0546876        3.01771
}


Inverse of Generalized rotation inertia tensor:
{
       0.012461     0.00255088     0.00766896     -0.0111562     0.00987649    -0.00333196
     0.00255088      0.0133565     0.00913545     0.00934023     0.00512726     -0.0105983
     0.00766896     0.00913545       0.025919  -1.49048e-005      0.0161159     -0.0160935
     -0.0111562     0.00934023  -1.49048e-005      0.0950156     -0.0283145     -0.0282123
     0.00987649     0.00512726      0.0161159     -0.0283145       0.350699    -0.00842059
    -0.00333196     -0.0105983     -0.0160935     -0.0282123    -0.00842059       0.350676
}

Generalized rotation inertia tensor:
{
        110.679       -7.59888       -29.4715        14.7399      -0.679266       0.452506
       -7.59888        110.665       -29.4618       -14.7269      -0.453861       0.680303
       -29.4715       -29.4618        58.5224   -0.000706633       -1.35511        1.35307
        14.7399       -14.7269   -0.000706633        14.6308       0.961786       0.958982
      -0.679266      -0.453861       -1.35511       0.961786        3.02367      0.0354193
       0.452506       0.680303        1.35307       0.958982      0.0354193        3.02314
}


Inverse of Generalized rotation inertia tensor:
{
      0.0127645      0.0012689      0.0073442     -0.0121399      0.0102315    -0.00175211
      0.0012689      0.0127603     0.00733978      0.0121202     0.00175423     -0.0102117
      0.0073442     0.00733978       0.025137  -1.40925e-005      0.0141876     -0.0141633
     -0.0121399      0.0121202  -1.40925e-005      0.0968912     -0.0313677     -0.0312718
      0.0102315     0.00175423      0.0141876     -0.0313677       0.349651     -0.0024224
    -0.00175211     -0.0102117     -0.0141633     -0.0312718     -0.0024224        0.34963
}

Generalized rotation inertia tensor:
{
        108.736       -3.53901       -29.0237         14.516      -0.776275       0.345169
       -3.53901        109.969       -24.3441       -17.2864      -0.214725       0.728068
       -29.0237       -24.3441        55.8833   -0.000345134       -1.26663         1.2644
         14.516       -17.2864   -0.000345134        15.2905        1.00458        1.00187
      -0.776275      -0.214725       -1.26663        1.00458        3.02735       0.017694
       0.345169       0.728068         1.2644        1.00187       0.017694         3.0268
}


Inverse of Generalized rotation inertia tensor:
{
      0.0128314  -8.25092e-005     0.00686706      -0.012956      0.0104573  -8.47038e-005
  -8.25092e-005       0.012856     0.00575726      0.0154214    -0.00175598     -0.0105822
     0.00686706     0.00575726       0.024535  -1.38298e-005      0.0125121     -0.0124856
      -0.012956      0.0154214  -1.38298e-005      0.0997372     -0.0351256      -0.035034
      0.0104573    -0.00175598      0.0125121     -0.0351256       0.349749      0.0035852
  -8.47038e-005     -0.0105822     -0.0124856      -0.035034      0.0035852       0.349728
}

Generalized rotation inertia tensor:
{
         108.18       0.272495       -27.6941         13.851      -0.813244       0.245612
       0.272495        107.967       -19.3818       -19.7682         0.0337       0.776453
       -27.6941       -19.3818        53.3244  -5.20915e-007       -1.18597        1.18357
         13.851       -19.7682  -5.20915e-007        15.9303        1.04752         1.0449
      -0.813244         0.0337       -1.18597        1.04752        3.02955     0.00145139
       0.245612       0.776453        1.18357         1.0449     0.00145139        3.02899
}


Inverse of Generalized rotation inertia tensor:
{
      0.0126615    -0.00140106     0.00626673     -0.0135429      0.0105496     0.00155055
    -0.00140106      0.0136766     0.00438252      0.0193225    -0.00548806     -0.0117677
     0.00626673     0.00438252      0.0240922  -1.41181e-005       0.011075      -0.011046
     -0.0135429      0.0193225  -1.41181e-005       0.103736     -0.0397053      -0.039616
      0.0105496    -0.00548806       0.011075     -0.0397053       0.351035     0.00975272
     0.00155055     -0.0117677      -0.011046      -0.039616     0.00975272       0.351012
}

Generalized rotation inertia tensor:
{
        108.847        3.40683       -25.5229        12.7651      -0.793635       0.158805
        3.40683        104.899       -14.7258       -22.0969       0.274054       0.824931
       -25.5229       -14.7258        50.9234    0.000317246       -1.11232        1.10976
        12.7651       -22.0969    0.000317246        16.5305         1.0902        1.08767
      -0.793635       0.274054       -1.11232         1.0902        3.03053     -0.0133314
       0.158805       0.824931        1.10976        1.08767     -0.0133314        3.02996
}


Inverse of Generalized rotation inertia tensor:
{
      0.0122631    -0.00257555     0.00556435     -0.0138016      0.0104649      0.0030209
    -0.00257555      0.0152319     0.00320633      0.0238863     -0.0095286     -0.0138028
     0.00556435     0.00320633      0.0237829  -1.49493e-005     0.00985863    -0.00982661
     -0.0138016      0.0238863  -1.49493e-005       0.109031     -0.0452009     -0.0451122
      0.0104649     -0.0095286     0.00985863     -0.0452009       0.353528      0.0162162
      0.0030209     -0.0138028    -0.00982661     -0.0451122      0.0162162       0.353502
}

Generalized rotation inertia tensor:
{
         110.44        5.53646       -22.5763        11.2914      -0.725102       0.088505
        5.53646        101.135       -10.5176       -24.2016       0.492228       0.872337
       -22.5763       -10.5176        48.7533    0.000598889       -1.04567        1.04297
        11.2914       -24.2016    0.000598889         17.073        1.13166        1.12921
      -0.725102       0.492228       -1.04567        1.13166        3.03057     -0.0265843
       0.088505       0.872337        1.04297        1.12921     -0.0265843        3.02999
}


Inverse of Generalized rotation inertia tensor:
{
      0.0116573    -0.00347767     0.00477578     -0.0135855      0.0101114     0.00416853
    -0.00347767      0.0174878     0.00221983      0.0291149     -0.0139247     -0.0166699
     0.00477578     0.00221983      0.0235801  -1.62921e-005     0.00884703    -0.00881149
     -0.0135855      0.0291149  -1.62921e-005       0.115658     -0.0516258      -0.051536
      0.0101114     -0.0139247     0.00884703     -0.0516258       0.357185      0.0230419
     0.00416853     -0.0166699    -0.00881149      -0.051536      0.0230419       0.357153
}

Generalized rotation inertia tensor:
{
        112.572        6.47308       -18.9436        9.47464      -0.617803       0.037133
        6.47308        97.1296       -6.88494       -26.0184       0.677915       0.916807
       -18.9436       -6.88494        46.8801    0.000836052      -0.986908       0.984077
        9.47464       -26.0184    0.000836052        17.5414        1.17037        1.16798
      -0.617803       0.677915      -0.986908        1.17037        3.02996     -0.0381218
       0.037133       0.916807       0.984077        1.16798     -0.0381218        3.02938
}


Inverse of Generalized rotation inertia tensor:
{
      0.0108882    -0.00396071     0.00391416     -0.0126998      0.0093471     0.00480772
    -0.00396071      0.0203222     0.00141644      0.0348723     -0.0186176     -0.0202411
     0.00391416     0.00141644      0.0234574  -1.80608e-005     0.00802811    -0.00798866
     -0.0126998      0.0348723  -1.80608e-005       0.123426     -0.0588114     -0.0587191
      0.0093471     -0.0186176     0.00802811     -0.0588114        0.36182      0.0301398
     0.00480772     -0.0202411    -0.00798866     -0.0587191      0.0301398       0.361781
}

Generalized rotation inertia tensor:
{
        114.817        6.18821       -14.7354        7.36996      -0.482655     0.00537342
        6.18821        93.3659       -3.93831       -27.4921       0.824718       0.955848
       -14.7354       -3.93831        45.3607     0.00102153      -0.937688       0.934756
        7.36996       -27.4921     0.00102153        17.9212        1.20422        1.20188
      -0.482655       0.824718      -0.937688        1.20422        3.02902     -0.0476532
     0.00537342       0.955848       0.934756        1.20188     -0.0476532        3.02843
}


Inverse of Generalized rotation inertia tensor:
{
      0.0100376    -0.00387748     0.00299192     -0.0109324     0.00800236     0.00474715
    -0.00387748      0.0234627    0.000792377      0.0407793     -0.0233537     -0.0241945
     0.00299192    0.000792377      0.0233906  -2.00694e-005     0.00739433    -0.00735082
     -0.0109324      0.0407793  -2.00694e-005       0.131744     -0.0662686     -0.0661728
     0.00800236     -0.0233537     0.00739433     -0.0662686       0.366993      0.0371489
     0.00474715     -0.0241945    -0.00735082     -0.0661728      0.0371489       0.366947
}

Generalized rotation inertia tensor:
{
        116.765        4.81413       -10.0794        5.04133      -0.329694    -0.00831899
        4.81413        90.2977       -1.76719        -28.578       0.929692       0.986619
       -10.0794       -1.76719        44.2411     0.00114948      -0.900177       0.897169
        5.04133        -28.578     0.00114948        18.2011        1.23083        1.22853
      -0.329694       0.929692      -0.900177        1.23083        3.02805     -0.0548264
    -0.00831899       0.986619       0.897169        1.22853     -0.0548264        3.02747
}


Inverse of Generalized rotation inertia tensor:
{
     0.00923629    -0.00313183     0.00202218    -0.00813818     0.00594616     0.00385686
    -0.00313183      0.0264381    0.000346242      0.0461321     -0.0276128     -0.0279473
     0.00202218    0.000346242       0.023359  -2.19965e-005     0.00694213    -0.00689493
    -0.00813818      0.0461321  -2.19965e-005       0.139497     -0.0730798     -0.0729802
     0.00594616     -0.0276128     0.00694213     -0.0730798       0.371925      0.0433486
     0.00385686     -0.0279473    -0.00689493     -0.0729802      0.0433486       0.371871
}

Generalized rotation inertia tensor:
{
        118.082        2.62489       -5.11712        2.55952      -0.166912    -0.00799975
        2.62489        88.2951      -0.437568        -29.243       0.992308        1.00641
       -5.11712      -0.437568        43.5555     0.00121565      -0.876563       0.873509
        2.55952        -29.243     0.00121565        18.3725        1.24791        1.24564
      -0.166912       0.992308      -0.876563        1.24791        3.02734      -0.059299
    -0.00799975        1.00641       0.873509        1.24564      -0.059299        3.02675
}


Inverse of Generalized rotation inertia tensor:
{
     0.00865145    -0.00176126     0.00101949    -0.00437325     0.00319486     0.00217664
    -0.00176126       0.028621   7.81358e-005      0.0499645     -0.0306536     -0.0307069
     0.00101949   7.81358e-005      0.0233468  -2.34125e-005     0.00667061    -0.00662075
    -0.00437325      0.0499645  -2.34125e-005       0.145142     -0.0779807     -0.0778781
     0.00319486     -0.0306536     0.00667061     -0.0779807       0.375559      0.0477259
     0.00217664     -0.0307069    -0.00662075     -0.0778781      0.0477259       0.375499
}

Generalized rotation inertia tensor:
{
        118.547  -1.49787e-005    0.000658665  -8.20383e-005    1.6484e-005   8.41366e-006
  -1.49787e-005        87.5997      0.0101661        -29.467        1.01307        1.01325
    0.000658665      0.0101661        43.3247     0.00121751      -0.868489       0.865418
  -8.20383e-005        -29.467     0.00121751        18.4303        1.25382        1.25154
    1.6484e-005        1.01307      -0.868489        1.25382        3.02707     -0.0608205
   8.41366e-006        1.01325       0.865418        1.25154     -0.0608205        3.02649
}


Inverse of Generalized rotation inertia tensor:
{
     0.00843547   4.59998e-008  -1.30172e-007   1.25258e-007  -1.51694e-007  -5.64753e-008
   4.59998e-008      0.0294296  -1.13292e-005      0.0513691     -0.0317671     -0.0317306
  -1.30172e-007  -1.13292e-005      0.0233439  -2.39189e-005     0.00658003     -0.0065292
   1.25258e-007      0.0513691  -2.39189e-005       0.147228     -0.0797812     -0.0796775
  -1.51694e-007     -0.0317671     0.00658003     -0.0797812       0.376908      0.0493201
  -5.64753e-008     -0.0317306     -0.0065292     -0.0796775      0.0493201       0.376846
}

Generalized rotation inertia tensor:
{
        118.082       -2.62491        5.11843       -2.55969       0.166945     0.00801665
       -2.62491        88.2953      -0.437594       -29.2431       0.992299        1.00641
        5.11843      -0.437594        43.5557     0.00115442      -0.876565       0.873509
       -2.55969       -29.2431     0.00115442        18.3725        1.24792        1.24564
       0.166945       0.992299      -0.876565        1.24792        3.02734     -0.0592989
     0.00801665        1.00641       0.873509        1.24564     -0.0592989        3.02675
}


Inverse of Generalized rotation inertia tensor:
{
     0.00865149     0.00176137    -0.00101975     0.00437354    -0.00319519    -0.00217678
     0.00176137      0.0286211   7.81556e-005      0.0499649     -0.0306539     -0.0307071
    -0.00101975   7.81556e-005      0.0233468  -2.33517e-005     0.00667062    -0.00662077
     0.00437354      0.0499649  -2.33517e-005       0.145143     -0.0779816     -0.0778788
    -0.00319519     -0.0306539     0.00667062     -0.0779816       0.375559      0.0477265
    -0.00217678     -0.0307071    -0.00662077     -0.0778788      0.0477265       0.375499
}

Generalized rotation inertia tensor:
{
        116.765       -4.81413        10.0807       -5.04155       0.329725     0.00833614
       -4.81413         90.298       -1.76724       -28.5781       0.929676       0.986623
        10.0807       -1.76724        44.2414     0.00102772      -0.900182       0.897169
       -5.04155       -28.5781     0.00102772        18.2011        1.23085        1.22853
       0.329725       0.929676      -0.900182        1.23085        3.02805     -0.0548263
     0.00833614       0.986623       0.897169        1.22853     -0.0548263        3.02747
}


Inverse of Generalized rotation inertia tensor:
{
     0.00923638     0.00313197    -0.00202243     0.00813858    -0.00594658    -0.00385705
     0.00313197      0.0264383    0.000346278      0.0461328     -0.0276134     -0.0279477
    -0.00202243    0.000346278       0.023359  -2.18829e-005     0.00694215    -0.00689496
     0.00813858      0.0461328  -2.18829e-005       0.139499     -0.0730816     -0.0729814
    -0.00594658     -0.0276134     0.00694215     -0.0730816       0.371926      0.0433495
    -0.00385705     -0.0279477    -0.00689496     -0.0729814      0.0433495       0.371871
}

Generalized rotation inertia tensor:
{
        114.817       -6.18818        14.7367       -7.37023       0.482682    -0.00535582
       -6.18818        93.3663       -3.93838       -27.4923       0.824693       0.955855
        14.7367       -3.93838        45.3611    0.000840753      -0.937696       0.934756
       -7.37023       -27.4923    0.000840753        17.9212        1.20424        1.20188
       0.482682       0.824693      -0.937696        1.20424        3.02902     -0.0476531
    -0.00535582       0.955855       0.934756        1.20188     -0.0476531        3.02843
}


Inverse of Generalized rotation inertia tensor:
{
      0.0100378     0.00387763    -0.00299217      0.0109329    -0.00800287     -0.0047474
     0.00387763      0.0234629    0.000792422      0.0407802     -0.0233543     -0.0241949
    -0.00299217    0.000792422      0.0233905  -1.99163e-005     0.00739437    -0.00735087
      0.0109329      0.0407802  -1.99163e-005       0.131747     -0.0662709     -0.0661742
    -0.00800287     -0.0233543     0.00739437     -0.0662709       0.366995      0.0371501
     -0.0047474     -0.0241949    -0.00735087     -0.0661742      0.0371501       0.366947
}

Generalized rotation inertia tensor:
{
        112.572         -6.473        18.9449       -9.47498       0.617825     -0.0371147
         -6.473        97.1301       -6.88504       -26.0185       0.677883       0.916816
        18.9449       -6.88504        46.8807    0.000598821      -0.986918       0.984076
       -9.47498       -26.0185    0.000598821        17.5413         1.1704        1.16797
       0.617825       0.677883      -0.986918         1.1704        3.02996     -0.0381217
     -0.0371147       0.916816       0.984076        1.16797     -0.0381217        3.02938
}


Inverse of Generalized rotation inertia tensor:
{
      0.0108884     0.00396087    -0.00391441      0.0127004    -0.00934769      -0.004808
     0.00396087      0.0203224     0.00141648      0.0348731     -0.0186182     -0.0202416
    -0.00391441     0.00141648      0.0234573  -1.78838e-005     0.00802818     -0.0079887
      0.0127004      0.0348731  -1.78838e-005       0.123429     -0.0588139     -0.0587205
    -0.00934769     -0.0186182     0.00802818     -0.0588139       0.361821       0.030141
      -0.004808     -0.0202416     -0.0079887     -0.0587205       0.030141       0.361782
}

Generalized rotation inertia tensor:
{
         110.44       -5.53634        22.5776       -11.2918       0.725117     -0.0884859
       -5.53634        101.135       -10.5177       -24.2017        0.49219       0.872349
        22.5776       -10.5177         48.754    0.000309072       -1.04568        1.04296
       -11.2918       -24.2017    0.000309072         17.073         1.1317         1.1292
       0.725117        0.49219       -1.04568         1.1317        3.03057     -0.0265842
     -0.0884859       0.872349        1.04296         1.1292     -0.0265842        3.02999
}


Inverse of Generalized rotation inertia tensor:
{
      0.0116575      0.0034778    -0.00477602      0.0135862     -0.0101121    -0.00416882
      0.0034778      0.0174879     0.00221987      0.0291155     -0.0139252     -0.0166702
    -0.00477602     0.00221987        0.02358   -1.6107e-005     0.00884713    -0.00881153
      0.0135862      0.0291155   -1.6107e-005       0.115661     -0.0516284     -0.0515373
     -0.0101121     -0.0139252     0.00884713     -0.0516284       0.357187       0.023043
    -0.00416882     -0.0166702    -0.00881153     -0.0515373       0.023043       0.357154
}

Generalized rotation inertia tensor:
{
        108.847       -3.40665        25.5242       -12.7656       0.793642      -0.158785
       -3.40665        104.899       -14.7259        -22.097       0.274012       0.824945
        25.5242       -14.7259        50.9241  -1.96893e-005       -1.11233        1.10976
       -12.7656        -22.097  -1.96893e-005        16.5305        1.09024        1.08766
       0.793642       0.274012       -1.11233        1.09024        3.03053     -0.0133313
      -0.158785       0.824945        1.10976        1.08766     -0.0133313        3.02996
}


Inverse of Generalized rotation inertia tensor:
{
      0.0122634     0.00257564    -0.00556459      0.0138023     -0.0104656    -0.00302116
     0.00257564      0.0152319     0.00320637      0.0238868    -0.00952896      -0.013803
    -0.00556459     0.00320637      0.0237828  -1.47708e-005     0.00985876    -0.00982663
      0.0138023      0.0238868  -1.47708e-005       0.109033     -0.0452034     -0.0451133
     -0.0104656    -0.00952896     0.00985876     -0.0452034        0.35353      0.0162172
    -0.00302116      -0.013803    -0.00982663     -0.0451133      0.0162172       0.353502
}

Generalized rotation inertia tensor:
{
         108.18      -0.272243        27.6953       -13.8515       0.813242      -0.245591
      -0.272243        107.968       -19.3819       -19.7683       0.033655       0.776469
        27.6953       -19.3819        53.3252   -0.000377272       -1.18599        1.18357
       -13.8515       -19.7683   -0.000377272        15.9302        1.04757         1.0449
       0.813242       0.033655       -1.18599        1.04757        3.02955     0.00145147
      -0.245591       0.776469        1.18357         1.0449     0.00145147        3.02899
}


Inverse of Generalized rotation inertia tensor:
{
      0.0126618      0.0014011    -0.00626697      0.0135436     -0.0105502    -0.00155077
      0.0014011      0.0136766     0.00438256      0.0193228    -0.00548827     -0.0117679
    -0.00626697     0.00438256      0.0240921  -1.39599e-005      0.0110751      -0.011046
      0.0135436      0.0193228  -1.39599e-005       0.103738     -0.0397078     -0.0396169
     -0.0105502    -0.00548827      0.0110751     -0.0397078       0.351036     0.00975351
    -0.00155077     -0.0117679      -0.011046     -0.0396169     0.00975351       0.351012
}

Generalized rotation inertia tensor:
{
        108.736        3.53933        29.0249       -14.5165       0.776262      -0.345147
        3.53933         109.97       -24.3442       -17.2864       -0.21477       0.728086
        29.0249       -24.3442        55.8841   -0.000752434       -1.26664         1.2644
       -14.5165       -17.2864   -0.000752434        15.2905        1.00464        1.00187
       0.776262       -0.21477       -1.26664        1.00464        3.02735      0.0176941
      -0.345147       0.728086         1.2644        1.00187      0.0176941         3.0268
}


Inverse of Generalized rotation inertia tensor:
{
      0.0128317   8.24979e-005    -0.00686732      0.0129567     -0.0104579   8.45487e-005
   8.24979e-005       0.012856     0.00575729      0.0154215    -0.00175607     -0.0105823
    -0.00686732     0.00575729       0.024535  -1.37043e-005      0.0125123     -0.0124856
      0.0129567      0.0154215  -1.37043e-005      0.0997393      -0.035128     -0.0350345
     -0.0104579    -0.00175607      0.0125123      -0.035128        0.34975     0.00358584
   8.45487e-005     -0.0105823     -0.0124856     -0.0350345     0.00358584       0.349728
}

Generalized rotation inertia tensor:
{
        110.679        7.59928        29.4727       -14.7405       0.679244      -0.452484
        7.59928        110.666        -29.462       -14.7268      -0.453904       0.680323
        29.4727        -29.462        58.5233    -0.00113326       -1.35513        1.35306
       -14.7405       -14.7268    -0.00113326        14.6307       0.961844       0.958972
       0.679244      -0.453904       -1.35513       0.961844        3.02366      0.0354194
      -0.452484       0.680323        1.35306       0.958972      0.0354194        3.02314
}


